crossing time (s)	slope (V/s)	crossing number
281474976710655.000000	23.874119	2142	0.000000
281474976710655.000000	22.845232	2143	0.000000
281474976710655.000000	24.725952	2144	0.000000
281474976710655.000000	25.265965	2145	0.000000
281474976710655.000000	24.421858	2146	0.000000
281474976710655.000000	25.623631	2147	0.000000
281474976710655.000000	25.885878	2148	0.000000
281474976710655.000000	23.358679	2149	0.000000
281474976710655.000000	26.426876	2150	0.000000
281474976710655.000000	22.641205	2151	0.000000
281474976710655.000000	23.783396	2152	0.000000
281474976710655.000000	23.526365	2153	0.000000
281474976710655.000000	25.061296	2154	0.000000
281474976710655.000000	24.903923	2155	0.000000
281474976710655.000000	26.998713	2156	0.000000
281474976710655.000000	22.288433	2157	0.000000
281474976710655.000000	23.512943	2158	0.000000
281474976710655.000000	24.191519	2159	0.000000
281474976710655.000000	26.469229	2160	0.000000
281474976710655.000000	23.539118	2161	0.000000
281474976710655.000000	23.923429	2162	0.000000
281474976710655.000000	23.514025	2163	0.000000
281474976710655.000000	23.142712	2164	0.000000
281474976710655.000000	25.848015	2165	0.000000
281474976710655.000000	22.049772	2166	0.000000
281474976710655.000000	24.710224	2167	0.000000
281474976710655.000000	22.719894	2168	0.000000
281474976710655.000000	23.553427	2169	0.000000
281474976710655.000000	24.651581	2170	0.000000
281474976710655.000000	23.166056	2171	0.000000
281474976710655.000000	25.232201	2172	0.000000
281474976710655.000000	24.134739	2173	0.000000
281474976710655.000000	24.731726	2174	0.000000
281474976710655.000000	23.971088	2175	0.000000
281474976710655.000000	24.879776	2176	0.000000
281474976710655.000000	25.640900	2177	0.000000
281474976710655.000000	22.669817	2178	0.000000
281474976710655.000000	25.807199	2179	0.000000
281474976710655.000000	23.123749	2180	0.000000
281474976710655.000000	22.665245	2181	0.000000
281474976710655.000000	23.155567	2182	0.000000
281474976710655.000000	21.811275	2183	0.000000
281474976710655.000000	27.256639	2184	0.000000
281474976710655.000000	22.479898	2185	0.000000
281474976710655.000000	23.713688	2186	0.000000
281474976710655.000000	21.218756	2187	0.000000
281474976710655.000000	23.432165	2188	0.000000
281474976710655.000000	23.619469	2189	0.000000
281474976710655.000000	24.406303	2190	0.000000
281474976710655.000000	24.420507	2191	0.000000
281474976710655.000000	24.844011	2192	0.000000
281474976710655.000000	21.781979	2193	0.000000
281474976710655.000000	25.263811	2194	0.000000
281474976710655.000000	22.831369	2195	0.000000
281474976710655.000000	24.033512	2196	0.000000
281474976710655.000000	22.541739	2197	0.000000
281474976710655.000000	22.657820	2198	0.000000
281474976710655.000000	23.027931	2199	0.000000
281474976710655.000000	22.745560	2200	0.000000
281474976710655.000000	23.516270	2201	0.000000
281474976710655.000000	23.241465	2202	0.000000
281474976710655.000000	23.000153	2203	0.000000
281474976710655.000000	21.353668	2204	0.000000
281474976710655.000000	23.014242	2205	0.000000
281474976710655.000000	22.136080	2206	0.000000
281474976710655.000000	23.965893	2207	0.000000
281474976710655.000000	22.643408	2208	0.000000
281474976710655.000000	21.007900	2209	0.000000
281474976710655.000000	24.232178	2210	0.000000
281474976710655.000000	23.388054	2211	0.000000
281474976710655.000000	22.528421	2212	0.000000
281474976710655.000000	21.444530	2213	0.000000
281474976710655.000000	23.650791	2214	0.000000
281474976710655.000000	21.393316	2215	0.000000
281474976710655.000000	22.605682	2216	0.000000
281474976710655.000000	22.993496	2217	0.000000
281474976710655.000000	22.622921	2218	0.000000
281474976710655.000000	22.654533	2219	0.000000
281474976710655.000000	21.142765	2220	0.000000
281474976710655.000000	22.715885	2221	0.000000
281474976710655.000000	23.483152	2222	0.000000
281474976710655.000000	23.159496	2223	0.000000
281474976710655.000000	21.425129	2224	0.000000
281474976710655.000000	21.741262	2225	0.000000
281474976710655.000000	21.628401	2226	0.000000
281474976710655.000000	21.803400	2227	0.000000
281474976710655.000000	22.362368	2228	0.000000
281474976710655.000000	22.959093	2229	0.000000
281474976710655.000000	22.477499	2230	0.000000
281474976710655.000000	20.625378	2231	0.000000
281474976710655.000000	21.920000	2232	0.000000
281474976710655.000000	23.903795	2233	0.000000
281474976710655.000000	20.547695	2234	0.000000
281474976710655.000000	21.747437	2235	0.000000
281474976710655.000000	22.497316	2236	0.000000
281474976710655.000000	22.504625	2237	0.000000
281474976710655.000000	23.115732	2238	0.000000
281474976710655.000000	21.968397	2239	0.000000
281474976710655.000000	21.535715	2240	0.000000
281474976710655.000000	23.044266	2241	0.000000
281474976710655.000000	22.548380	2242	0.000000
281474976710655.000000	22.249409	2243	0.000000
281474976710655.000000	22.282213	2244	0.000000
281474976710655.000000	20.266165	2245	0.000000
281474976710655.000000	21.202602	2246	0.000000
281474976710655.000000	20.885509	2247	0.000000
281474976710655.000000	21.498674	2248	0.000000
281474976710655.000000	20.644831	2249	0.000000
281474976710655.000000	21.915905	2250	0.000000
281474976710655.000000	22.080999	2251	0.000000
281474976710655.000000	19.953173	2252	0.000000
281474976710655.000000	20.924084	2253	0.000000
281474976710655.000000	21.359846	2254	0.000000
281474976710655.000000	20.978542	2255	0.000000
281474976710655.000000	22.938629	2256	0.000000
281474976710655.000000	20.169971	2257	0.000000
281474976710655.000000	21.171209	2258	0.000000
281474976710655.000000	22.272562	2259	0.000000
281474976710655.000000	20.663883	2260	0.000000
281474976710655.000000	22.522028	2261	0.000000
281474976710655.000000	21.442358	2262	0.000000
281474976710655.000000	21.607178	2263	0.000000
281474976710655.000000	19.783909	2264	0.000000
281474976710655.000000	21.930145	2265	0.000000
281474976710655.000000	21.079607	2266	0.000000
281474976710655.000000	21.523466	2267	0.000000
281474976710655.000000	20.967375	2268	0.000000
281474976710655.000000	20.277811	2269	0.000000
281474976710655.000000	21.778913	2270	0.000000
281474976710655.000000	20.656258	2271	0.000000
281474976710655.000000	21.393776	2272	0.000000
281474976710655.000000	22.175802	2273	0.000000
281474976710655.000000	21.913107	2274	0.000000
281474976710655.000000	19.691128	2275	0.000000
281474976710655.000000	21.335520	2276	0.000000
281474976710655.000000	21.244888	2277	0.000000
281474976710655.000000	19.734541	2278	0.000000
281474976710655.000000	20.030748	2279	0.000000
281474976710655.000000	22.557251	2280	0.000000
281474976710655.000000	21.325592	2281	0.000000
281474976710655.000000	20.325073	2282	0.000000
281474976710655.000000	19.524706	2283	0.000000
281474976710655.000000	20.751842	2284	0.000000
281474976710655.000000	21.623884	2285	0.000000
281474976710655.000000	20.131525	2286	0.000000
281474976710655.000000	20.451553	2287	0.000000
281474976710655.000000	20.289423	2288	0.000000
281474976710655.000000	20.472885	2289	0.000000
281474976710655.000000	21.211267	2290	0.000000
281474976710655.000000	20.694546	2291	0.000000
281474976710655.000000	19.788422	2292	0.000000
281474976710655.000000	21.183010	2293	0.000000
281474976710655.000000	20.254736	2294	0.000000
281474976710655.000000	20.507742	2295	0.000000
281474976710655.000000	19.736431	2296	0.000000
281474976710655.000000	20.080387	2297	0.000000
281474976710655.000000	21.720743	2298	0.000000
281474976710655.000000	21.509096	2299	0.000000
281474976710655.000000	20.565744	2300	0.000000
281474976710655.000000	20.691996	2301	0.000000
281474976710655.000000	20.737089	2302	0.000000
281474976710655.000000	19.931629	2303	0.000000
281474976710655.000000	19.903885	2304	0.000000
281474976710655.000000	19.119640	2305	0.000000
281474976710655.000000	19.455276	2306	0.000000
281474976710655.000000	20.383486	2307	0.000000
281474976710655.000000	18.439346	2308	0.000000
281474976710655.000000	19.781424	2309	0.000000
281474976710655.000000	20.239952	2310	0.000000
281474976710655.000000	20.901539	2311	0.000000
281474976710655.000000	19.904018	2312	0.000000
281474976710655.000000	19.692684	2313	0.000000
281474976710655.000000	20.078335	2314	0.000000
281474976710655.000000	19.352932	2315	0.000000
281474976710655.000000	19.152124	2316	0.000000
281474976710655.000000	19.505743	2317	0.000000
281474976710655.000000	20.353060	2318	0.000000
281474976710655.000000	19.822699	2319	0.000000
281474976710655.000000	19.999229	2320	0.000000
281474976710655.000000	19.525684	2321	0.000000
281474976710655.000000	19.162611	2322	0.000000
281474976710655.000000	20.274176	2323	0.000000
281474976710655.000000	20.168076	2324	0.000000
281474976710655.000000	19.063238	2325	0.000000
281474976710655.000000	20.398148	2326	0.000000
281474976710655.000000	19.518803	2327	0.000000
281474976710655.000000	19.951857	2328	0.000000
281474976710655.000000	19.637632	2329	0.000000
281474976710655.000000	20.036388	2330	0.000000
281474976710655.000000	20.083838	2331	0.000000
281474976710655.000000	18.924076	2332	0.000000
281474976710655.000000	19.447256	2333	0.000000
281474976710655.000000	19.586376	2334	0.000000
281474976710655.000000	20.047083	2335	0.000000
281474976710655.000000	20.398083	2336	0.000000
281474976710655.000000	20.056509	2337	0.000000
281474976710655.000000	19.023514	2338	0.000000
281474976710655.000000	20.275471	2339	0.000000
281474976710655.000000	18.965584	2340	0.000000
281474976710655.000000	19.808741	2341	0.000000
281474976710655.000000	18.995436	2342	0.000000
281474976710655.000000	19.630915	2343	0.000000
281474976710655.000000	19.172321	2344	0.000000
281474976710655.000000	18.987757	2345	0.000000
281474976710655.000000	18.861658	2346	0.000000
281474976710655.000000	18.756975	2347	0.000000
281474976710655.000000	18.609549	2348	0.000000
281474976710655.000000	18.857470	2349	0.000000
281474976710655.000000	18.898403	2350	0.000000
281474976710655.000000	19.745476	2351	0.000000
281474976710655.000000	18.704645	2352	0.000000
281474976710655.000000	18.848583	2353	0.000000
281474976710655.000000	19.176651	2354	0.000000
281474976710655.000000	18.531229	2355	0.000000
281474976710655.000000	18.547709	2356	0.000000
281474976710655.000000	18.597443	2357	0.000000
281474976710655.000000	19.074545	2358	0.000000
281474976710655.000000	18.399916	2359	0.000000
281474976710655.000000	18.641483	2360	0.000000
281474976710655.000000	18.753832	2361	0.000000
281474976710655.000000	18.257185	2362	0.000000
281474976710655.000000	18.274685	2363	0.000000
281474976710655.000000	18.209040	2364	0.000000
281474976710655.000000	18.918642	2365	0.000000
281474976710655.000000	18.738394	2366	0.000000
281474976710655.000000	18.729864	2367	0.000000
281474976710655.000000	18.756552	2368	0.000000
281474976710655.000000	19.331867	2369	0.000000
281474976710655.000000	18.705299	2370	0.000000
281474976710655.000000	18.602291	2371	0.000000
281474976710655.000000	18.355642	2372	0.000000
281474976710655.000000	18.434229	2373	0.000000
281474976710655.000000	18.385538	2374	0.000000
281474976710655.000000	18.595127	2375	0.000000
281474976710655.000000	18.149963	2376	0.000000
281474976710655.000000	18.563103	2377	0.000000
281474976710655.000000	19.366179	2378	0.000000
281474976710655.000000	18.220680	2379	0.000000
281474976710655.000000	18.002907	2380	0.000000
281474976710655.000000	18.517941	2381	0.000000
281474976710655.000000	18.047115	2382	0.000000
281474976710655.000000	18.333397	2383	0.000000
281474976710655.000000	18.094625	2384	0.000000
281474976710655.000000	17.498468	2385	0.000000
281474976710655.000000	18.315063	2386	0.000000
281474976710655.000000	17.994480	2387	0.000000
281474976710655.000000	18.088823	2388	0.000000
281474976710655.000000	17.643637	2389	0.000000
281474976710655.000000	18.045708	2390	0.000000
281474976710655.000000	17.848965	2391	0.000000
281474976710655.000000	18.315344	2392	0.000000
281474976710655.000000	17.698051	2393	0.000000
281474976710655.000000	18.285358	2394	0.000000
281474976710655.000000	17.438869	2395	0.000000
281474976710655.000000	17.697226	2396	0.000000
281474976710655.000000	17.774683	2397	0.000000
281474976710655.000000	18.091185	2398	0.000000
281474976710655.000000	17.422394	2399	0.000000
281474976710655.000000	17.634813	2400	0.000000
281474976710655.000000	18.188465	2401	0.000000
281474976710655.000000	17.794855	2402	0.000000
281474976710655.000000	17.459225	2403	0.000000
281474976710655.000000	17.418249	2404	0.000000
281474976710655.000000	17.702671	2405	0.000000
281474976710655.000000	17.742352	2406	0.000000
281474976710655.000000	17.429585	2407	0.000000
281474976710655.000000	16.996777	2408	0.000000
281474976710655.000000	17.500854	2409	0.000000
281474976710655.000000	17.261663	2410	0.000000
281474976710655.000000	17.132849	2411	0.000000
281474976710655.000000	17.424509	2412	0.000000
281474976710655.000000	17.872097	2413	0.000000
281474976710655.000000	16.962423	2414	0.000000
281474976710655.000000	17.057959	2415	0.000000
281474976710655.000000	17.439297	2416	0.000000
281474976710655.000000	17.241571	2417	0.000000
281474976710655.000000	17.059397	2418	0.000000
281474976710655.000000	17.208307	2419	0.000000
281474976710655.000000	17.222219	2420	0.000000
281474976710655.000000	16.748606	2421	0.000000
281474976710655.000000	17.139708	2422	0.000000
281474976710655.000000	17.326118	2423	0.000000
281474976710655.000000	17.566755	2424	0.000000
281474976710655.000000	17.044588	2425	0.000000
281474976710655.000000	16.666922	2426	0.000000
281474976710655.000000	17.405115	2427	0.000000
281474976710655.000000	17.143070	2428	0.000000
281474976710655.000000	16.712814	2429	0.000000
281474976710655.000000	16.854721	2430	0.000000
281474976710655.000000	16.966576	2431	0.000000
281474976710655.000000	17.009104	2432	0.000000
281474976710655.000000	16.929157	2433	0.000000
281474976710655.000000	17.148817	2434	0.000000
281474976710655.000000	16.256813	2435	0.000000
281474976710655.000000	16.852402	2436	0.000000
281474976710655.000000	16.679903	2437	0.000000
281474976710655.000000	16.547112	2438	0.000000
281474976710655.000000	16.824394	2439	0.000000
281474976710655.000000	17.172979	2440	0.000000
281474976710655.000000	16.759274	2441	0.000000
281474976710655.000000	16.461325	2442	0.000000
281474976710655.000000	16.682261	2443	0.000000
281474976710655.000000	16.002142	2444	0.000000
281474976710655.000000	16.399769	2445	0.000000
281474976710655.000000	16.593975	2446	0.000000
281474976710655.000000	17.024563	2447	0.000000
281474976710655.000000	16.160715	2448	0.000000
281474976710655.000000	16.478283	2449	0.000000
281474976710655.000000	16.125721	2450	0.000000
281474976710655.000000	16.481812	2451	0.000000
281474976710655.000000	15.796160	2452	0.000000
281474976710655.000000	16.245138	2453	0.000000
281474976710655.000000	16.551651	2454	0.000000
281474976710655.000000	16.430696	2455	0.000000
281474976710655.000000	16.422665	2456	0.000000
281474976710655.000000	16.344343	2457	0.000000
281474976710655.000000	16.455240	2458	0.000000
281474976710655.000000	15.980888	2459	0.000000
281474976710655.000000	16.203756	2460	0.000000
281474976710655.000000	16.308779	2461	0.000000
281474976710655.000000	16.290127	2462	0.000000
281474976710655.000000	16.381784	2463	0.000000
281474976710655.000000	16.021847	2464	0.000000
281474976710655.000000	16.231192	2465	0.000000
281474976710655.000000	16.208584	2466	0.000000
281474976710655.000000	15.989462	2467	0.000000
281474976710655.000000	16.033733	2468	0.000000
281474976710655.000000	16.116585	2469	0.000000
281474976710655.000000	16.373085	2470	0.000000
281474976710655.000000	16.343916	2471	0.000000
281474976710655.000000	15.899094	2472	0.000000
281474976710655.000000	16.006273	2473	0.000000
281474976710655.000000	15.766375	2474	0.000000
281474976710655.000000	15.989668	2475	0.000000
281474976710655.000000	15.962175	2476	0.000000
281474976710655.000000	15.797223	2477	0.000000
281474976710655.000000	15.914998	2478	0.000000
281474976710655.000000	16.315451	2479	0.000000
281474976710655.000000	15.987710	2480	0.000000
281474976710655.000000	15.731509	2481	0.000000
281474976710655.000000	15.630646	2482	0.000000
281474976710655.000000	15.978969	2483	0.000000
281474976710655.000000	15.881117	2484	0.000000
281474976710655.000000	16.087927	2485	0.000000
281474976710655.000000	15.591112	2486	0.000000
281474976710655.000000	16.097319	2487	0.000000
281474976710655.000000	15.892339	2488	0.000000
281474976710655.000000	15.486989	2489	0.000000
281474976710655.000000	15.865206	2490	0.000000
281474976710655.000000	15.899931	2491	0.000000
281474976710655.000000	15.677271	2492	0.000000
281474976710655.000000	15.510262	2493	0.000000
281474976710655.000000	15.920453	2494	0.000000
281474976710655.000000	15.945653	2495	0.000000
281474976710655.000000	15.364647	2496	0.000000
281474976710655.000000	15.559667	2497	0.000000
281474976710655.000000	15.965532	2498	0.000000
281474976710655.000000	15.537581	2499	0.000000
281474976710655.000000	15.865735	2500	0.000000
281474976710655.000000	15.385068	2501	0.000000
281474976710655.000000	15.490791	2502	0.000000
281474976710655.000000	14.996557	2503	0.000000
281474976710655.000000	15.007989	2504	0.000000
281474976710655.000000	14.768197	2505	0.000000
281474976710655.000000	15.597464	2506	0.000000
281474976710655.000000	15.339746	2507	0.000000
281474976710655.000000	14.921418	2508	0.000000
281474976710655.000000	14.847822	2509	0.000000
281474976710655.000000	15.388927	2510	0.000000
281474976710655.000000	15.467473	2511	0.000000
281474976710655.000000	15.269045	2512	0.000000
281474976710655.000000	15.310157	2513	0.000000
281474976710655.000000	14.571085	2514	0.000000
281474976710655.000000	14.838183	2515	0.000000
281474976710655.000000	14.822635	2516	0.000000
281474976710655.000000	15.641769	2517	0.000000
281474976710655.000000	14.700468	2518	0.000000
281474976710655.000000	15.624467	2519	0.000000
281474976710655.000000	14.733469	2520	0.000000
281474976710655.000000	14.855205	2521	0.000000
281474976710655.000000	14.800716	2522	0.000000
281474976710655.000000	14.781045	2523	0.000000
281474976710655.000000	15.212683	2524	0.000000
281474976710655.000000	15.111315	2525	0.000000
281474976710655.000000	15.093816	2526	0.000000
281474976710655.000000	15.198340	2527	0.000000
281474976710655.000000	14.605680	2528	0.000000
281474976710655.000000	14.843413	2529	0.000000
281474976710655.000000	15.007734	2530	0.000000
281474976710655.000000	14.963130	2531	0.000000
281474976710655.000000	14.583821	2532	0.000000
281474976710655.000000	14.542084	2533	0.000000
281474976710655.000000	14.700502	2534	0.000000
281474976710655.000000	14.454038	2535	0.000000
281474976710655.000000	15.234064	2536	0.000000
281474976710655.000000	15.060439	2537	0.000000
281474976710655.000000	14.406399	2538	0.000000
281474976710655.000000	14.423236	2539	0.000000
281474976710655.000000	14.361235	2540	0.000000
281474976710655.000000	14.479223	2541	0.000000
281474976710655.000000	14.149007	2542	0.000000
281474976710655.000000	14.364986	2543	0.000000
281474976710655.000000	14.511149	2544	0.000000
281474976710655.000000	14.646444	2545	0.000000
281474976710655.000000	14.274497	2546	0.000000
281474976710655.000000	14.387156	2547	0.000000
281474976710655.000000	14.657493	2548	0.000000
281474976710655.000000	14.377971	2549	0.000000
281474976710655.000000	14.122844	2550	0.000000
281474976710655.000000	14.680263	2551	0.000000
281474976710655.000000	14.447042	2552	0.000000
281474976710655.000000	14.687271	2553	0.000000
281474976710655.000000	14.093185	2554	0.000000
281474976710655.000000	14.583027	2555	0.000000
281474976710655.000000	14.147259	2556	0.000000
281474976710655.000000	14.101946	2557	0.000000
281474976710655.000000	14.045292	2558	0.000000
281474976710655.000000	13.907743	2559	0.000000
281474976710655.000000	14.164554	2560	0.000000
281474976710655.000000	14.422713	2561	0.000000
281474976710655.000000	13.976460	2562	0.000000
281474976710655.000000	14.083136	2563	0.000000
281474976710655.000000	13.837976	2564	0.000000
281474976710655.000000	13.930211	2565	0.000000
281474976710655.000000	13.910686	2566	0.000000
281474976710655.000000	14.412569	2567	0.000000
281474976710655.000000	13.737370	2568	0.000000
281474976710655.000000	13.642833	2569	0.000000
281474976710655.000000	13.587126	2570	0.000000
281474976710655.000000	14.275974	2571	0.000000
281474976710655.000000	13.767431	2572	0.000000
281474976710655.000000	14.065064	2573	0.000000
281474976710655.000000	13.393434	2574	0.000000
281474976710655.000000	13.732022	2575	0.000000
281474976710655.000000	13.964314	2576	0.000000
281474976710655.000000	14.182678	2577	0.000000
281474976710655.000000	13.464366	2578	0.000000
281474976710655.000000	13.771806	2579	0.000000
281474976710655.000000	14.173615	2580	0.000000
281474976710655.000000	14.173029	2581	0.000000
281474976710655.000000	14.062421	2582	0.000000
281474976710655.000000	13.697039	2583	0.000000
281474976710655.000000	13.795830	2584	0.000000
281474976710655.000000	13.536677	2585	0.000000
281474976710655.000000	13.602603	2586	0.000000
281474976710655.000000	13.757744	2587	0.000000
281474976710655.000000	14.041124	2588	0.000000
281474976710655.000000	14.054027	2589	0.000000
281474976710655.000000	13.452519	2590	0.000000
281474976710655.000000	13.477811	2591	0.000000
281474976710655.000000	13.391332	2592	0.000000
281474976710655.000000	13.243958	2593	0.000000
281474976710655.000000	13.760735	2594	0.000000
281474976710655.000000	13.758829	2595	0.000000
281474976710655.000000	13.772278	2596	0.000000
281474976710655.000000	13.663560	2597	0.000000
281474976710655.000000	13.058174	2598	0.000000
281474976710655.000000	13.549529	2599	0.000000
281474976710655.000000	13.330747	2600	0.000000
281474976710655.000000	13.360965	2601	0.000000
281474976710655.000000	13.201664	2602	0.000000
281474976710655.000000	13.364499	2603	0.000000
281474976710655.000000	13.071280	2604	0.000000
281474976710655.000000	13.553789	2605	0.000000
281474976710655.000000	13.819231	2606	0.000000
281474976710655.000000	12.825897	2607	0.000000
281474976710655.000000	13.014877	2608	0.000000
281474976710655.000000	12.885975	2609	0.000000
281474976710655.000000	12.901769	2610	0.000000
281474976710655.000000	13.100623	2611	0.000000
281474976710655.000000	13.248955	2612	0.000000
281474976710655.000000	13.005661	2613	0.000000
281474976710655.000000	12.974506	2614	0.000000
281474976710655.000000	13.726586	2615	0.000000
281474976710655.000000	13.178777	2616	0.000000
281474976710655.000000	12.847982	2617	0.000000
281474976710655.000000	12.676102	2618	0.000000
281474976710655.000000	13.197100	2619	0.000000
281474976710655.000000	13.192137	2620	0.000000
281474976710655.000000	13.666791	2621	0.000000
281474976710655.000000	12.711348	2622	0.000000
281474976710655.000000	12.907482	2623	0.000000
281474976710655.000000	13.036616	2624	0.000000
281474976710655.000000	12.974924	2625	0.000000
281474976710655.000000	13.036067	2626	0.000000
281474976710655.000000	13.056133	2627	0.000000
281474976710655.000000	12.945368	2628	0.000000
281474976710655.000000	13.059391	2629	0.000000
281474976710655.000000	13.017238	2630	0.000000
281474976710655.000000	12.706545	2631	0.000000
281474976710655.000000	12.876654	2632	0.000000
281474976710655.000000	13.010963	2633	0.000000
281474976710655.000000	12.637987	2634	0.000000
281474976710655.000000	12.635730	2635	0.000000
281474976710655.000000	12.603383	2636	0.000000
281474976710655.000000	12.536508	2637	0.000000
281474976710655.000000	12.741026	2638	0.000000
281474976710655.000000	12.659661	2639	0.000000
281474976710655.000000	12.960184	2640	0.000000
281474976710655.000000	12.935183	2641	0.000000
281474976710655.000000	12.837595	2642	0.000000
281474976710655.000000	12.395928	2643	0.000000
281474976710655.000000	12.364589	2644	0.000000
281474976710655.000000	12.464994	2645	0.000000
281474976710655.000000	12.590925	2646	0.000000
281474976710655.000000	12.672326	2647	0.000000
281474976710655.000000	12.754920	2648	0.000000
281474976710655.000000	12.877563	2649	0.000000
281474976710655.000000	12.469977	2650	0.000000
281474976710655.000000	12.651385	2651	0.000000
281474976710655.000000	12.277561	2652	0.000000
281474976710655.000000	12.826860	2653	0.000000
281474976710655.000000	12.347092	2654	0.000000
281474976710655.000000	12.422606	2655	0.000000
281474976710655.000000	12.768182	2656	0.000000
281474976710655.000000	12.472973	2657	0.000000
281474976710655.000000	12.364400	2658	0.000000
281474976710655.000000	12.111724	2659	0.000000
281474976710655.000000	12.069493	2660	0.000000
281474976710655.000000	12.135918	2661	0.000000
281474976710655.000000	12.018606	2662	0.000000
281474976710655.000000	12.488672	2663	0.000000
281474976710655.000000	12.441020	2664	0.000000
281474976710655.000000	12.496267	2665	0.000000
281474976710655.000000	11.950923	2666	0.000000
281474976710655.000000	12.173485	2667	0.000000
281474976710655.000000	12.545547	2668	0.000000
281474976710655.000000	12.095947	2669	0.000000
281474976710655.000000	11.960397	2670	0.000000
281474976710655.000000	12.029718	2671	0.000000
281474976710655.000000	12.237741	2672	0.000000
281474976710655.000000	12.409980	2673	0.000000
281474976710655.000000	12.524311	2674	0.000000
281474976710655.000000	12.169735	2675	0.000000
281474976710655.000000	12.343520	2676	0.000000
281474976710655.000000	12.066452	2677	0.000000
281474976710655.000000	12.266252	2678	0.000000
281474976710655.000000	12.369487	2679	0.000000
281474976710655.000000	12.370581	2680	0.000000
281474976710655.000000	12.299083	2681	0.000000
281474976710655.000000	12.044410	2682	0.000000
281474976710655.000000	11.870269	2683	0.000000
281474976710655.000000	11.773528	2684	0.000000
281474976710655.000000	12.023754	2685	0.000000
281474976710655.000000	11.785005	2686	0.000000
281474976710655.000000	12.393062	2687	0.000000
281474976710655.000000	12.170027	2688	0.000000
281474976710655.000000	11.893884	2689	0.000000
281474976710655.000000	11.838714	2690	0.000000
281474976710655.000000	12.166868	2691	0.000000
281474976710655.000000	11.633646	2692	0.000000
281474976710655.000000	11.864576	2693	0.000000
281474976710655.000000	11.540972	2694	0.000000
281474976710655.000000	11.914012	2695	0.000000
281474976710655.000000	11.785596	2696	0.000000
281474976710655.000000	12.096509	2697	0.000000
281474976710655.000000	12.011263	2698	0.000000
281474976710655.000000	12.073822	2699	0.000000
281474976710655.000000	11.546497	2700	0.000000
281474976710655.000000	11.554977	2701	0.000000
281474976710655.000000	11.867598	2702	0.000000
281474976710655.000000	11.831321	2703	0.000000
281474976710655.000000	11.740663	2704	0.000000
281474976710655.000000	11.907083	2705	0.000000
281474976710655.000000	11.462974	2706	0.000000
281474976710655.000000	11.862187	2707	0.000000
281474976710655.000000	11.722928	2708	0.000000
281474976710655.000000	11.715927	2709	0.000000
281474976710655.000000	11.803695	2710	0.000000
281474976710655.000000	11.789151	2711	0.000000
281474976710655.000000	11.405360	2712	0.000000
281474976710655.000000	11.664199	2713	0.000000
281474976710655.000000	11.705718	2714	0.000000
281474976710655.000000	11.592805	2715	0.000000
281474976710655.000000	11.269937	2716	0.000000
281474976710655.000000	11.385177	2717	0.000000
281474976710655.000000	11.054484	2718	0.000000
281474976710655.000000	11.390687	2719	0.000000
281474976710655.000000	11.318172	2720	0.000000
281474976710655.000000	11.538085	2721	0.000000
281474976710655.000000	11.333480	2722	0.000000
281474976710655.000000	11.424637	2723	0.000000
281474976710655.000000	11.166371	2724	0.000000
281474976710655.000000	11.490618	2725	0.000000
281474976710655.000000	11.424356	2726	0.000000
281474976710655.000000	11.223501	2727	0.000000
281474976710655.000000	11.115239	2728	0.000000
281474976710655.000000	11.552197	2729	0.000000
281474976710655.000000	11.159038	2730	0.000000
281474976710655.000000	11.430201	2731	0.000000
281474976710655.000000	11.200774	2732	0.000000
281474976710655.000000	11.246167	2733	0.000000
281474976710655.000000	11.090065	2734	0.000000
281474976710655.000000	11.379444	2735	0.000000
281474976710655.000000	11.002028	2736	0.000000
281474976710655.000000	11.179624	2737	0.000000
281474976710655.000000	11.119484	2738	0.000000
281474976710655.000000	11.161019	2739	0.000000
281474976710655.000000	11.241910	2740	0.000000
281474976710655.000000	11.064871	2741	0.000000
281474976710655.000000	11.177066	2742	0.000000
281474976710655.000000	11.161609	2743	0.000000
281474976710655.000000	10.954813	2744	0.000000
281474976710655.000000	11.167627	2745	0.000000
281474976710655.000000	11.051819	2746	0.000000
281474976710655.000000	11.013621	2747	0.000000
281474976710655.000000	11.284560	2748	0.000000
281474976710655.000000	10.943729	2749	0.000000
281474976710655.000000	10.897988	2750	0.000000
281474976710655.000000	11.204225	2751	0.000000
281474976710655.000000	10.693385	2752	0.000000
281474976710655.000000	10.937602	2753	0.000000
281474976710655.000000	10.658303	2754	0.000000
281474976710655.000000	11.103765	2755	0.000000
281474976710655.000000	10.999340	2756	0.000000
281474976710655.000000	10.832406	2757	0.000000
281474976710655.000000	10.728741	2758	0.000000
281474976710655.000000	10.815331	2759	0.000000
281474976710655.000000	10.598396	2760	0.000000
281474976710655.000000	10.760089	2761	0.000000
281474976710655.000000	10.678839	2762	0.000000
281474976710655.000000	10.807073	2763	0.000000
281474976710655.000000	10.682538	2764	0.000000
281474976710655.000000	10.809763	2765	0.000000
281474976710655.000000	10.596227	2766	0.000000
281474976710655.000000	11.025106	2767	0.000000
281474976710655.000000	10.629279	2768	0.000000
281474976710655.000000	10.813854	2769	0.000000
281474976710655.000000	10.553267	2770	0.000000
281474976710655.000000	10.808054	2771	0.000000
281474976710655.000000	10.579478	2772	0.000000
281474976710655.000000	10.809711	2773	0.000000
281474976710655.000000	10.565944	2774	0.000000
281474976710655.000000	10.603312	2775	0.000000
281474976710655.000000	10.549280	2776	0.000000
281474976710655.000000	10.598438	2777	0.000000
281474976710655.000000	10.473238	2778	0.000000
281474976710655.000000	10.662159	2779	0.000000
281474976710655.000000	10.522096	2780	0.000000
281474976710655.000000	10.644578	2781	0.000000
281474976710655.000000	10.637092	2782	0.000000
281474976710655.000000	10.714377	2783	0.000000
281474976710655.000000	10.462682	2784	0.000000
281474976710655.000000	10.529126	2785	0.000000
281474976710655.000000	10.367487	2786	0.000000
281474976710655.000000	10.545316	2787	0.000000
281474976710655.000000	10.434941	2788	0.000000
281474976710655.000000	10.300410	2789	0.000000
281474976710655.000000	10.409423	2790	0.000000
281474976710655.000000	10.467307	2791	0.000000
281474976710655.000000	10.343656	2792	0.000000
281474976710655.000000	10.336250	2793	0.000000
281474976710655.000000	10.419063	2794	0.000000
281474976710655.000000	10.468607	2795	0.000000
281474976710655.000000	10.253381	2796	0.000000
281474976710655.000000	10.371158	2797	0.000000
281474976710655.000000	10.135537	2798	0.000000
281474976710655.000000	10.379672	2799	0.000000
281474976710655.000000	10.231798	2800	0.000000
281474976710655.000000	10.392401	2801	0.000000
281474976710655.000000	10.152658	2802	0.000000
281474976710655.000000	10.227195	2803	0.000000
281474976710655.000000	10.049123	2804	0.000000
281474976710655.000000	10.318950	2805	0.000000
281474976710655.000000	10.148199	2806	0.000000
281474976710655.000000	10.269448	2807	0.000000
281474976710655.000000	10.155400	2808	0.000000
281474976710655.000000	10.245986	2809	0.000000
281474976710655.000000	10.066231	2810	0.000000
281474976710655.000000	10.198039	2811	0.000000
281474976710655.000000	9.941482	2812	0.000000
281474976710655.000000	10.219721	2813	0.000000
281474976710655.000000	9.943148	2814	0.000000
281474976710655.000000	10.263524	2815	0.000000
281474976710655.000000	10.073061	2816	0.000000
281474976710655.000000	10.104365	2817	0.000000
281474976710655.000000	10.071462	2818	0.000000
281474976710655.000000	10.077962	2819	0.000000
281474976710655.000000	9.914238	2820	0.000000
281474976710655.000000	10.153162	2821	0.000000
281474976710655.000000	9.916787	2822	0.000000
281474976710655.000000	9.990696	2823	0.000000
281474976710655.000000	10.035754	2824	0.000000
281474976710655.000000	9.965510	2825	0.000000
281474976710655.000000	9.820603	2826	0.000000
281474976710655.000000	9.904560	2827	0.000000
281474976710655.000000	9.860240	2828	0.000000
281474976710655.000000	9.864817	2829	0.000000
281474976710655.000000	9.704720	2830	0.000000
281474976710655.000000	9.890711	2831	0.000000
281474976710655.000000	9.694549	2832	0.000000
281474976710655.000000	10.020583	2833	0.000000
281474976710655.000000	9.698790	2834	0.000000
281474976710655.000000	9.958847	2835	0.000000
281474976710655.000000	9.714084	2836	0.000000
281474976710655.000000	9.932882	2837	0.000000
281474976710655.000000	9.743876	2838	0.000000
281474976710655.000000	9.903930	2839	0.000000
281474976710655.000000	9.564919	2840	0.000000
281474976710655.000000	9.740541	2841	0.000000
281474976710655.000000	9.569402	2842	0.000000
281474976710655.000000	9.867027	2843	0.000000
281474976710655.000000	9.650769	2844	0.000000
281474976710655.000000	9.708073	2845	0.000000
281474976710655.000000	9.648422	2846	0.000000
281474976710655.000000	9.804973	2847	0.000000
281474976710655.000000	9.647754	2848	0.000000
281474976710655.000000	9.742641	2849	0.000000
281474976710655.000000	9.654428	2850	0.000000
281474976710655.000000	9.662574	2851	0.000000
281474976710655.000000	9.640397	2852	0.000000
281474976710655.000000	9.661372	2853	0.000000
281474976710655.000000	9.576932	2854	0.000000
281474976710655.000000	9.597642	2855	0.000000
281474976710655.000000	9.415252	2856	0.000000
281474976710655.000000	9.553403	2857	0.000000
281474976710655.000000	9.406411	2858	0.000000
281474976710655.000000	9.543338	2859	0.000000
281474976710655.000000	9.407580	2860	0.000000
281474976710655.000000	9.620743	2861	0.000000
281474976710655.000000	9.281898	2862	0.000000
281474976710655.000000	9.627562	2863	0.000000
281474976710655.000000	9.425021	2864	0.000000
281474976710655.000000	9.506863	2865	0.000000
281474976710655.000000	9.307731	2866	0.000000
281474976710655.000000	9.492549	2867	0.000000
281474976710655.000000	9.339531	2868	0.000000
281474976710655.000000	9.516018	2869	0.000000
281474976710655.000000	9.173790	2870	0.000000
281474976710655.000000	9.602828	2871	0.000000
281474976710655.000000	9.277841	2872	0.000000
281474976710655.000000	9.409803	2873	0.000000
281474976710655.000000	9.297813	2874	0.000000
281474976710655.000000	9.470701	2875	0.000000
281474976710655.000000	9.228044	2876	0.000000
281474976710655.000000	9.520244	2877	0.000000
281474976710655.000000	9.235373	2878	0.000000
281474976710655.000000	9.308812	2879	0.000000
281474976710655.000000	9.230371	2880	0.000000
281474976710655.000000	9.353574	2881	0.000000
281474976710655.000000	9.334477	2882	0.000000
281474976710655.000000	9.222084	2883	0.000000
281474976710655.000000	9.133924	2884	0.000000
281474976710655.000000	9.202156	2885	0.000000
281474976710655.000000	9.191422	2886	0.000000
281474976710655.000000	9.197944	2887	0.000000
281474976710655.000000	9.073988	2888	0.000000
281474976710655.000000	9.304591	2889	0.000000
281474976710655.000000	9.215065	2890	0.000000
281474976710655.000000	9.096690	2891	0.000000
281474976710655.000000	9.072148	2892	0.000000
281474976710655.000000	9.067637	2893	0.000000
281474976710655.000000	8.916104	2894	0.000000
281474976710655.000000	9.171640	2895	0.000000
281474976710655.000000	9.080120	2896	0.000000
281474976710655.000000	9.160348	2897	0.000000
281474976710655.000000	9.086098	2898	0.000000
281474976710655.000000	9.144976	2899	0.000000
281474976710655.000000	8.857325	2900	0.000000
281474976710655.000000	9.036341	2901	0.000000
281474976710655.000000	8.943682	2902	0.000000
281474976710655.000000	9.211213	2903	0.000000
281474976710655.000000	8.860138	2904	0.000000
281474976710655.000000	8.972574	2905	0.000000
281474976710655.000000	8.803576	2906	0.000000
281474976710655.000000	9.077333	2907	0.000000
281474976710655.000000	8.867481	2908	0.000000
281474976710655.000000	9.023610	2909	0.000000
281474976710655.000000	8.813869	2910	0.000000
281474976710655.000000	9.046234	2911	0.000000
281474976710655.000000	8.885618	2912	0.000000
281474976710655.000000	8.955716	2913	0.000000
281474976710655.000000	8.717793	2914	0.000000
281474976710655.000000	8.995590	2915	0.000000
281474976710655.000000	8.886797	2916	0.000000
281474976710655.000000	8.821050	2917	0.000000
281474976710655.000000	8.751928	2918	0.000000
281474976710655.000000	8.938754	2919	0.000000
281474976710655.000000	8.717069	2920	0.000000
281474976710655.000000	8.881330	2921	0.000000
281474976710655.000000	8.788088	2922	0.000000
281474976710655.000000	8.787590	2923	0.000000
281474976710655.000000	8.746088	2924	0.000000
281474976710655.000000	8.681717	2925	0.000000
281474976710655.000000	8.632951	2926	0.000000
281474976710655.000000	8.755478	2927	0.000000
281474976710655.000000	8.593743	2928	0.000000
281474976710655.000000	8.722843	2929	0.000000
281474976710655.000000	8.551119	2930	0.000000
281474976710655.000000	8.675848	2931	0.000000
281474976710655.000000	8.423781	2932	0.000000
281474976710655.000000	8.738694	2933	0.000000
281474976710655.000000	8.648837	2934	0.000000
281474976710655.000000	8.721095	2935	0.000000
281474976710655.000000	8.557012	2936	0.000000
281474976710655.000000	8.757562	2937	0.000000
281474976710655.000000	8.543492	2938	0.000000
281474976710655.000000	8.741762	2939	0.000000
281474976710655.000000	8.575165	2940	0.000000
281474976710655.000000	8.558220	2941	0.000000
281474976710655.000000	8.504459	2942	0.000000
281474976710655.000000	8.684416	2943	0.000000
281474976710655.000000	8.559649	2944	0.000000
281474976710655.000000	8.515291	2945	0.000000
281474976710655.000000	8.396432	2946	0.000000
281474976710655.000000	8.479305	2947	0.000000
281474976710655.000000	8.436337	2948	0.000000
281474976710655.000000	8.626211	2949	0.000000
281474976710655.000000	8.446040	2950	0.000000
281474976710655.000000	8.411242	2951	0.000000
281474976710655.000000	8.384009	2952	0.000000
281474976710655.000000	8.632409	2953	0.000000
281474976710655.000000	8.416162	2954	0.000000
281474976710655.000000	8.349220	2955	0.000000
281474976710655.000000	8.299069	2956	0.000000
281474976710655.000000	8.482270	2957	0.000000
281474976710655.000000	8.371957	2958	0.000000
281474976710655.000000	8.424911	2959	0.000000
281474976710655.000000	8.216896	2960	0.000000
281474976710655.000000	8.448038	2961	0.000000
281474976710655.000000	8.329587	2962	0.000000
281474976710655.000000	8.437283	2963	0.000000
281474976710655.000000	8.142308	2964	0.000000
281474976710655.000000	8.408121	2965	0.000000
281474976710655.000000	8.265039	2966	0.000000
281474976710655.000000	8.290503	2967	0.000000
281474976710655.000000	8.248624	2968	0.000000
281474976710655.000000	8.329558	2969	0.000000
281474976710655.000000	8.179599	2970	0.000000
281474976710655.000000	8.420420	2971	0.000000
281474976710655.000000	8.225617	2972	0.000000
281474976710655.000000	8.320079	2973	0.000000
281474976710655.000000	8.226262	2974	0.000000
281474976710655.000000	8.294970	2975	0.000000
281474976710655.000000	8.087742	2976	0.000000
281474976710655.000000	8.249589	2977	0.000000
281474976710655.000000	8.157616	2978	0.000000
281474976710655.000000	8.230734	2979	0.000000
281474976710655.000000	8.077543	2980	0.000000
281474976710655.000000	8.140033	2981	0.000000
281474976710655.000000	8.006727	2982	0.000000
281474976710655.000000	8.106795	2983	0.000000
281474976710655.000000	8.069477	2984	0.000000
281474976710655.000000	8.214059	2985	0.000000
281474976710655.000000	8.133896	2986	0.000000
281474976710655.000000	8.101144	2987	0.000000
281474976710655.000000	7.992869	2988	0.000000
281474976710655.000000	8.044076	2989	0.000000
281474976710655.000000	7.965566	2990	0.000000
281474976710655.000000	7.999995	2991	0.000000
281474976710655.000000	7.959641	2992	0.000000
281474976710655.000000	8.032279	2993	0.000000
281474976710655.000000	7.923286	2994	0.000000
281474976710655.000000	8.026779	2995	0.000000
281474976710655.000000	7.966234	2996	0.000000
281474976710655.000000	8.005915	2997	0.000000
281474976710655.000000	7.865245	2998	0.000000
281474976710655.000000	7.932030	2999	0.000000
281474976710655.000000	7.857062	3000	0.000000
281474976710655.000000	8.060358	3001	0.000000
281474976710655.000000	7.846078	3002	0.000000
281474976710655.000000	8.055444	3003	0.000000
281474976710655.000000	7.773787	3004	0.000000
281474976710655.000000	7.946935	3005	0.000000
281474976710655.000000	7.861478	3006	0.000000
281474976710655.000000	7.976388	3007	0.000000
281474976710655.000000	7.752304	3008	0.000000
281474976710655.000000	7.919784	3009	0.000000
281474976710655.000000	7.837653	3010	0.000000
281474976710655.000000	7.897163	3011	0.000000
281474976710655.000000	7.764710	3012	0.000000
281474976710655.000000	7.946054	3013	0.000000
281474976710655.000000	7.825362	3014	0.000000
281474976710655.000000	7.824884	3015	0.000000
281474976710655.000000	7.721407	3016	0.000000
281474976710655.000000	7.850597	3017	0.000000
281474976710655.000000	7.820099	3018	0.000000
281474976710655.000000	7.909910	3019	0.000000
281474976710655.000000	7.710952	3020	0.000000
281474976710655.000000	7.822330	3021	0.000000
281474976710655.000000	7.666118	3022	0.000000
281474976710655.000000	7.736776	3023	0.000000
281474976710655.000000	7.616354	3024	0.000000
281474976710655.000000	7.753193	3025	0.000000
281474976710655.000000	7.622073	3026	0.000000
281474976710655.000000	7.748612	3027	0.000000
281474976710655.000000	7.630591	3028	0.000000
281474976710655.000000	7.654793	3029	0.000000
281474976710655.000000	7.601516	3030	0.000000
281474976710655.000000	7.701927	3031	0.000000
281474976710655.000000	7.493814	3032	0.000000
281474976710655.000000	7.676925	3033	0.000000
281474976710655.000000	7.393027	3034	0.000000
281474976710655.000000	7.741828	3035	0.000000
281474976710655.000000	7.524826	3036	0.000000
281474976710655.000000	7.682380	3037	0.000000
281474976710655.000000	7.477952	3038	0.000000
281474976710655.000000	7.644752	3039	0.000000
281474976710655.000000	7.493052	3040	0.000000
281474976710655.000000	7.635922	3041	0.000000
281474976710655.000000	7.524520	3042	0.000000
281474976710655.000000	7.594030	3043	0.000000
281474976710655.000000	7.489566	3044	0.000000
281474976710655.000000	7.561238	3045	0.000000
281474976710655.000000	7.439939	3046	0.000000
281474976710655.000000	7.580082	3047	0.000000
281474976710655.000000	7.442595	3048	0.000000
281474976710655.000000	7.506048	3049	0.000000
281474976710655.000000	7.441628	3050	0.000000
281474976710655.000000	7.571119	3051	0.000000
281474976710655.000000	7.439177	3052	0.000000
281474976710655.000000	7.472204	3053	0.000000
281474976710655.000000	7.392760	3054	0.000000
281474976710655.000000	7.508310	3055	0.000000
281474976710655.000000	7.345366	3056	0.000000
281474976710655.000000	7.466515	3057	0.000000
281474976710655.000000	7.339653	3058	0.000000
281474976710655.000000	7.471324	3059	0.000000
281474976710655.000000	7.311751	3060	0.000000
281474976710655.000000	7.432922	3061	0.000000
281474976710655.000000	7.286445	3062	0.000000
281474976710655.000000	7.361642	3063	0.000000
281474976710655.000000	7.296118	3064	0.000000
281474976710655.000000	7.404377	3065	0.000000
281474976710655.000000	7.228133	3066	0.000000
281474976710655.000000	7.395951	3067	0.000000
281474976710655.000000	7.226871	3068	0.000000
281474976710655.000000	7.377734	3069	0.000000
281474976710655.000000	7.209277	3070	0.000000
281474976710655.000000	7.326087	3071	0.000000
281474976710655.000000	7.200955	3072	0.000000
281474976710655.000000	7.327120	3073	0.000000
281474976710655.000000	7.186109	3074	0.000000
281474976710655.000000	7.304060	3075	0.000000
281474976710655.000000	7.164578	3076	0.000000
281474976710655.000000	7.324577	3077	0.000000
281474976710655.000000	7.180409	3078	0.000000
281474976710655.000000	7.284359	3079	0.000000
281474976710655.000000	7.158546	3080	0.000000
281474976710655.000000	7.270379	3081	0.000000
281474976710655.000000	7.126245	3082	0.000000
281474976710655.000000	7.225776	3083	0.000000
281474976710655.000000	7.144774	3084	0.000000
281474976710655.000000	7.194213	3085	0.000000
281474976710655.000000	7.080580	3086	0.000000
281474976710655.000000	7.207326	3087	0.000000
281474976710655.000000	7.072885	3088	0.000000
281474976710655.000000	7.168489	3089	0.000000
281474976710655.000000	7.048412	3090	0.000000
281474976710655.000000	7.191729	3091	0.000000
281474976710655.000000	7.018569	3092	0.000000
281474976710655.000000	7.183555	3093	0.000000
281474976710655.000000	7.035320	3094	0.000000
281474976710655.000000	7.096436	3095	0.000000
281474976710655.000000	7.006805	3096	0.000000
281474976710655.000000	7.096223	3097	0.000000
281474976710655.000000	6.995166	3098	0.000000
281474976710655.000000	7.097714	3099	0.000000
281474976710655.000000	6.957614	3100	0.000000
281474976710655.000000	7.085129	3101	0.000000
281474976710655.000000	6.980743	3102	0.000000
281474976710655.000000	7.046000	3103	0.000000
281474976710655.000000	6.903196	3104	0.000000
281474976710655.000000	7.046941	3105	0.000000
281474976710655.000000	6.925017	3106	0.000000
281474976710655.000000	7.048068	3107	0.000000
281474976710655.000000	6.869806	3108	0.000000
281474976710655.000000	7.001306	3109	0.000000
281474976710655.000000	6.914066	3110	0.000000
281474976710655.000000	6.979237	3111	0.000000
281474976710655.000000	6.935826	3112	0.000000
281474976710655.000000	6.963422	3113	0.000000
281474976710655.000000	6.841132	3114	0.000000
281474976710655.000000	6.976008	3115	0.000000
281474976710655.000000	6.882200	3116	0.000000
281474976710655.000000	6.947126	3117	0.000000
281474976710655.000000	6.828451	3118	0.000000
281474976710655.000000	6.930268	3119	0.000000
281474976710655.000000	6.781735	3120	0.000000
281474976710655.000000	6.893817	3121	0.000000
281474976710655.000000	6.837799	3122	0.000000
281474976710655.000000	6.852572	3123	0.000000
281474976710655.000000	6.767573	3124	0.000000
281474976710655.000000	6.915337	3125	0.000000
281474976710655.000000	6.796425	3126	0.000000
281474976710655.000000	6.832313	3127	0.000000
281474976710655.000000	6.724496	3128	0.000000
281474976710655.000000	6.870874	3129	0.000000
281474976710655.000000	6.749465	3130	0.000000
281474976710655.000000	6.825926	3131	0.000000
281474976710655.000000	6.709022	3132	0.000000
281474976710655.000000	6.809297	3133	0.000000
281474976710655.000000	6.660507	3134	0.000000
281474976710655.000000	6.821268	3135	0.000000
281474976710655.000000	6.699618	3136	0.000000
281474976710655.000000	6.746817	3137	0.000000
281474976710655.000000	6.606233	3138	0.000000
281474976710655.000000	6.787063	3139	0.000000
281474976710655.000000	6.635135	3140	0.000000
281474976710655.000000	6.712481	3141	0.000000
281474976710655.000000	6.588438	3142	0.000000
281474976710655.000000	6.746246	3143	0.000000
281474976710655.000000	6.621404	3144	0.000000
281474976710655.000000	6.699973	3145	0.000000
281474976710655.000000	6.543407	3146	0.000000
281474976710655.000000	6.731447	3147	0.000000
281474976710655.000000	6.580866	3148	0.000000
281474976710655.000000	6.630097	3149	0.000000
281474976710655.000000	6.511747	3150	0.000000
281474976710655.000000	6.624227	3151	0.000000
281474976710655.000000	6.553991	3152	0.000000
281474976710655.000000	6.624312	3153	0.000000
281474976710655.000000	6.509750	3154	0.000000
281474976710655.000000	6.589826	3155	0.000000
281474976710655.000000	6.478160	3156	0.000000
281474976710655.000000	6.605935	3157	0.000000
281474976710655.000000	6.492132	3158	0.000000
281474976710655.000000	6.618138	3159	0.000000
281474976710655.000000	6.490003	3160	0.000000
281474976710655.000000	6.594129	3161	0.000000
281474976710655.000000	6.431885	3162	0.000000
281474976710655.000000	6.614510	3163	0.000000
281474976710655.000000	6.493779	3164	0.000000
281474976710655.000000	6.549881	3165	0.000000
281474976710655.000000	6.427277	3166	0.000000
281474976710655.000000	6.583937	3167	0.000000
281474976710655.000000	6.446168	3168	0.000000
281474976710655.000000	6.516237	3169	0.000000
281474976710655.000000	6.363418	3170	0.000000
281474976710655.000000	6.525268	3171	0.000000
281474976710655.000000	6.376817	3172	0.000000
281474976710655.000000	6.466088	3173	0.000000
281474976710655.000000	6.336440	3174	0.000000
281474976710655.000000	6.512344	3175	0.000000
281474976710655.000000	6.358924	3176	0.000000
281474976710655.000000	6.455762	3177	0.000000
281474976710655.000000	6.340409	3178	0.000000
281474976710655.000000	6.455054	3179	0.000000
281474976710655.000000	6.298000	3180	0.000000
281474976710655.000000	6.483432	3181	0.000000
281474976710655.000000	6.340814	3182	0.000000
281474976710655.000000	6.441731	3183	0.000000
281474976710655.000000	6.300228	3184	0.000000
281474976710655.000000	6.456031	3185	0.000000
281474976710655.000000	6.286604	3186	0.000000
281474976710655.000000	6.353928	3187	0.000000
281474976710655.000000	6.262553	3188	0.000000
281474976710655.000000	6.419161	3189	0.000000
281474976710655.000000	6.278770	3190	0.000000
281474976710655.000000	6.340086	3191	0.000000
281474976710655.000000	6.220901	3192	0.000000
281474976710655.000000	6.355419	3193	0.000000
281474976710655.000000	6.203351	3194	0.000000
281474976710655.000000	6.357753	3195	0.000000
281474976710655.000000	6.232728	3196	0.000000
281474976710655.000000	6.304141	3197	0.000000
281474976710655.000000	6.167446	3198	0.000000
281474976710655.000000	6.333889	3199	0.000000
281474976710655.000000	6.192812	3200	0.000000
281474976710655.000000	6.288740	3201	0.000000
281474976710655.000000	6.159397	3202	0.000000
281474976710655.000000	6.270837	3203	0.000000
281474976710655.000000	6.187826	3204	0.000000
281474976710655.000000	6.221356	3205	0.000000
281474976710655.000000	6.089954	3206	0.000000
281474976710655.000000	6.273301	3207	0.000000
281474976710655.000000	6.151572	3208	0.000000
281474976710655.000000	6.209188	3209	0.000000
281474976710655.000000	6.077542	3210	0.000000
281474976710655.000000	6.220243	3211	0.000000
281474976710655.000000	6.103833	3212	0.000000
281474976710655.000000	6.164815	3213	0.000000
281474976710655.000000	6.038174	3214	0.000000
281474976710655.000000	6.213123	3215	0.000000
281474976710655.000000	6.071910	3216	0.000000
281474976710655.000000	6.194265	3217	0.000000
281474976710655.000000	6.045918	3218	0.000000
281474976710655.000000	6.165480	3219	0.000000
281474976710655.000000	6.040282	3220	0.000000
281474976710655.000000	6.115664	3221	0.000000
281474976710655.000000	6.016685	3222	0.000000
281474976710655.000000	6.144755	3223	0.000000
281474976710655.000000	5.998879	3224	0.000000
281474976710655.000000	6.091470	3225	0.000000
281474976710655.000000	5.990125	3226	0.000000
281474976710655.000000	6.100691	3227	0.000000
281474976710655.000000	5.976349	3228	0.000000
281474976710655.000000	6.096428	3229	0.000000
281474976710655.000000	5.992210	3230	0.000000
281474976710655.000000	6.030156	3231	0.000000
281474976710655.000000	5.935337	3232	0.000000
281474976710655.000000	6.067074	3233	0.000000
281474976710655.000000	5.936633	3234	0.000000
281474976710655.000000	6.032865	3235	0.000000
281474976710655.000000	5.926897	3236	0.000000
281474976710655.000000	5.978002	3237	0.000000
281474976710655.000000	5.939097	3238	0.000000
281474976710655.000000	5.986723	3239	0.000000
281474976710655.000000	5.878304	3240	0.000000
281474976710655.000000	6.005141	3241	0.000000
281474976710655.000000	5.885927	3242	0.000000
281474976710655.000000	5.995608	3243	0.000000
281474976710655.000000	5.863270	3244	0.000000
281474976710655.000000	5.959969	3245	0.000000
281474976710655.000000	5.842208	3246	0.000000
281474976710655.000000	5.935262	3247	0.000000
281474976710655.000000	5.828900	3248	0.000000
281474976710655.000000	5.947634	3249	0.000000
281474976710655.000000	5.837703	3250	0.000000
281474976710655.000000	5.884427	3251	0.000000
281474976710655.000000	5.820032	3252	0.000000
281474976710655.000000	5.901639	3253	0.000000
281474976710655.000000	5.789920	3254	0.000000
281474976710655.000000	5.925213	3255	0.000000
281474976710655.000000	5.768307	3256	0.000000
281474976710655.000000	5.917018	3257	0.000000
