crossing time (s)	slope (V/s)	crossing number
281474976710655.000000	57.253517	812	0.000000
281474976710655.000000	51.446369	813	0.000000
281474976710655.000000	39.512192	814	0.000000
281474976710655.000000	50.349388	815	0.000000
281474976710655.000000	50.892151	816	0.000000
281474976710655.000000	41.949364	817	0.000000
281474976710655.000000	50.218441	818	0.000000
281474976710655.000000	39.775303	819	0.000000
281474976710655.000000	51.318859	820	0.000000
281474976710655.000000	51.227135	821	0.000000
281474976710655.000000	50.702732	822	0.000000
281474976710655.000000	50.070332	823	0.000000
281474976710655.000000	50.453690	824	0.000000
281474976710655.000000	55.799454	825	0.000000
281474976710655.000000	49.615917	826	0.000000
281474976710655.000000	50.899498	827	0.000000
281474976710655.000000	50.740417	828	0.000000
281474976710655.000000	50.532543	829	0.000000
281474976710655.000000	48.807331	830	0.000000
281474976710655.000000	56.371136	831	0.000000
281474976710655.000000	49.781448	832	0.000000
281474976710655.000000	50.608700	833	0.000000
281474976710655.000000	37.984627	834	0.000000
281474976710655.000000	49.332794	835	0.000000
281474976710655.000000	77.803772	836	0.000000
281474976710655.000000	50.299206	837	0.000000
281474976710655.000000	41.275810	838	0.000000
281474976710655.000000	49.876549	839	0.000000
281474976710655.000000	49.375172	840	0.000000
281474976710655.000000	49.985039	841	0.000000
281474976710655.000000	40.796524	842	0.000000
281474976710655.000000	54.733948	843	0.000000
281474976710655.000000	42.572350	844	0.000000
281474976710655.000000	40.827785	845	0.000000
281474976710655.000000	48.068333	846	0.000000
281474976710655.000000	76.563004	847	0.000000
281474976710655.000000	48.897167	848	0.000000
281474976710655.000000	66.911476	849	0.000000
281474976710655.000000	48.867935	850	0.000000
281474976710655.000000	49.029602	851	0.000000
281474976710655.000000	49.682137	852	0.000000
281474976710655.000000	37.208351	853	0.000000
281474976710655.000000	65.446373	854	0.000000
281474976710655.000000	39.858269	855	0.000000
281474976710655.000000	48.425083	856	0.000000
281474976710655.000000	48.366020	857	0.000000
281474976710655.000000	48.422733	858	0.000000
281474976710655.000000	40.187252	859	0.000000
281474976710655.000000	48.244946	860	0.000000
281474976710655.000000	63.947346	861	0.000000
281474976710655.000000	47.200771	862	0.000000
281474976710655.000000	48.306831	863	0.000000
281474976710655.000000	39.479397	864	0.000000
281474976710655.000000	47.180328	865	0.000000
281474976710655.000000	36.514202	866	0.000000
281474976710655.000000	47.700630	867	0.000000
281474976710655.000000	36.870670	868	0.000000
281474976710655.000000	63.893230	869	0.000000
281474976710655.000000	41.350796	870	0.000000
281474976710655.000000	53.506851	871	0.000000
281474976710655.000000	47.342426	872	0.000000
281474976710655.000000	47.657017	873	0.000000
281474976710655.000000	62.835663	874	0.000000
281474976710655.000000	47.542408	875	0.000000
281474976710655.000000	46.926929	876	0.000000
281474976710655.000000	48.277012	877	0.000000
281474976710655.000000	46.455311	878	0.000000
281474976710655.000000	45.836075	879	0.000000
281474976710655.000000	39.518467	880	0.000000
281474976710655.000000	47.306606	881	0.000000
281474976710655.000000	46.806347	882	0.000000
281474976710655.000000	47.138832	883	0.000000
281474976710655.000000	62.504082	884	0.000000
281474976710655.000000	36.059135	885	0.000000
281474976710655.000000	45.891045	886	0.000000
281474976710655.000000	46.311905	887	0.000000
281474976710655.000000	46.070259	888	0.000000
281474976710655.000000	36.833248	889	0.000000
281474976710655.000000	46.590702	890	0.000000
281474976710655.000000	45.976540	891	0.000000
281474976710655.000000	38.541164	892	0.000000
281474976710655.000000	38.183887	893	0.000000
281474976710655.000000	38.404285	894	0.000000
281474976710655.000000	51.786907	895	0.000000
281474976710655.000000	43.239712	896	0.000000
281474976710655.000000	36.670151	897	0.000000
281474976710655.000000	46.385708	898	0.000000
281474976710655.000000	50.439232	899	0.000000
281474976710655.000000	45.185879	900	0.000000
281474976710655.000000	44.090366	901	0.000000
281474976710655.000000	45.365429	902	0.000000
281474976710655.000000	45.352692	903	0.000000
281474976710655.000000	35.070202	904	0.000000
281474976710655.000000	39.656052	905	0.000000
281474976710655.000000	45.161537	906	0.000000
281474976710655.000000	45.175182	907	0.000000
281474976710655.000000	46.079948	908	0.000000
281474976710655.000000	45.906147	909	0.000000
281474976710655.000000	55.952324	910	0.000000
281474976710655.000000	46.091541	911	0.000000
281474976710655.000000	44.420834	912	0.000000
281474976710655.000000	43.818233	913	0.000000
281474976710655.000000	55.117828	914	0.000000
281474976710655.000000	59.702118	915	0.000000
281474976710655.000000	44.504242	916	0.000000
281474976710655.000000	38.429928	917	0.000000
281474976710655.000000	44.296299	918	0.000000
281474976710655.000000	38.801025	919	0.000000
281474976710655.000000	48.813663	920	0.000000
281474976710655.000000	54.885441	921	0.000000
281474976710655.000000	43.903992	922	0.000000
281474976710655.000000	44.085110	923	0.000000
281474976710655.000000	41.475258	924	0.000000
281474976710655.000000	36.554859	925	0.000000
281474976710655.000000	43.432232	926	0.000000
281474976710655.000000	36.580379	927	0.000000
281474976710655.000000	43.557312	928	0.000000
281474976710655.000000	48.130856	929	0.000000
281474976710655.000000	33.244450	930	0.000000
281474976710655.000000	43.213120	931	0.000000
281474976710655.000000	43.530209	932	0.000000
281474976710655.000000	43.491093	933	0.000000
281474976710655.000000	36.030350	934	0.000000
281474976710655.000000	43.421986	935	0.000000
281474976710655.000000	53.193916	936	0.000000
281474976710655.000000	36.506985	937	0.000000
281474976710655.000000	53.139664	938	0.000000
281474976710655.000000	38.101158	939	0.000000
281474976710655.000000	42.610661	940	0.000000
281474976710655.000000	36.172237	941	0.000000
281474976710655.000000	36.949291	942	0.000000
281474976710655.000000	42.456932	943	0.000000
281474976710655.000000	42.344833	944	0.000000
281474976710655.000000	43.653614	945	0.000000
281474976710655.000000	32.819931	946	0.000000
281474976710655.000000	42.755100	947	0.000000
281474976710655.000000	40.087269	948	0.000000
281474976710655.000000	34.023754	949	0.000000
281474976710655.000000	37.174480	950	0.000000
281474976710655.000000	42.714104	951	0.000000
281474976710655.000000	46.718956	952	0.000000
281474976710655.000000	35.064304	953	0.000000
281474976710655.000000	51.369511	954	0.000000
281474976710655.000000	39.759220	955	0.000000
281474976710655.000000	42.634007	956	0.000000
281474976710655.000000	36.586151	957	0.000000
281474976710655.000000	46.338867	958	0.000000
281474976710655.000000	41.413918	959	0.000000
281474976710655.000000	42.050381	960	0.000000
281474976710655.000000	51.417656	961	0.000000
281474976710655.000000	34.991173	962	0.000000
281474976710655.000000	42.048775	963	0.000000
281474976710655.000000	32.257183	964	0.000000
281474976710655.000000	41.541267	965	0.000000
281474976710655.000000	40.884247	966	0.000000
281474976710655.000000	33.009926	967	0.000000
281474976710655.000000	50.642574	968	0.000000
281474976710655.000000	32.880783	969	0.000000
281474976710655.000000	34.112659	970	0.000000
281474976710655.000000	42.111820	971	0.000000
281474976710655.000000	41.315624	972	0.000000
281474976710655.000000	40.870697	973	0.000000
281474976710655.000000	55.294819	974	0.000000
281474976710655.000000	41.385784	975	0.000000
281474976710655.000000	40.520580	976	0.000000
281474976710655.000000	35.872238	977	0.000000
281474976710655.000000	39.942192	978	0.000000
281474976710655.000000	40.877998	979	0.000000
281474976710655.000000	39.846485	980	0.000000
281474976710655.000000	50.024876	981	0.000000
281474976710655.000000	39.935993	982	0.000000
281474976710655.000000	50.061176	983	0.000000
281474976710655.000000	40.034058	984	0.000000
281474976710655.000000	40.424107	985	0.000000
281474976710655.000000	37.879124	986	0.000000
281474976710655.000000	40.516685	987	0.000000
281474976710655.000000	33.421017	988	0.000000
281474976710655.000000	35.338654	989	0.000000
281474976710655.000000	31.940271	990	0.000000
281474976710655.000000	49.671677	991	0.000000
281474976710655.000000	51.313351	992	0.000000
281474976710655.000000	44.006512	993	0.000000
281474976710655.000000	39.653015	994	0.000000
281474976710655.000000	39.303768	995	0.000000
281474976710655.000000	39.734993	996	0.000000
281474976710655.000000	39.474239	997	0.000000
281474976710655.000000	32.880142	998	0.000000
281474976710655.000000	51.700737	999	0.000000
281474976710655.000000	34.592068	1000	0.000000
281474976710655.000000	43.953773	1001	0.000000
281474976710655.000000	38.984329	1002	0.000000
281474976710655.000000	35.295940	1003	0.000000
281474976710655.000000	47.597584	1004	0.000000
281474976710655.000000	38.804577	1005	0.000000
281474976710655.000000	40.115509	1006	0.000000
281474976710655.000000	38.560226	1007	0.000000
281474976710655.000000	42.746677	1008	0.000000
281474976710655.000000	38.303665	1009	0.000000
281474976710655.000000	33.819344	1010	0.000000
281474976710655.000000	32.146011	1011	0.000000
281474976710655.000000	36.775448	1012	0.000000
281474976710655.000000	38.808201	1013	0.000000
281474976710655.000000	38.259361	1014	0.000000
281474976710655.000000	38.813911	1015	0.000000
281474976710655.000000	36.397873	1016	0.000000
281474976710655.000000	36.405861	1017	0.000000
281474976710655.000000	47.517834	1018	0.000000
281474976710655.000000	38.784534	1019	0.000000
281474976710655.000000	37.646854	1020	0.000000
281474976710655.000000	40.171051	1021	0.000000
281474976710655.000000	37.582798	1022	0.000000
281474976710655.000000	36.035198	1023	0.000000
281474976710655.000000	49.235043	1024	0.000000
281474976710655.000000	38.098568	1025	0.000000
281474976710655.000000	38.739372	1026	0.000000
281474976710655.000000	28.849371	1027	0.000000
281474976710655.000000	41.522377	1028	0.000000
281474976710655.000000	41.672302	1029	0.000000
281474976710655.000000	35.399220	1030	0.000000
281474976710655.000000	37.569584	1031	0.000000
281474976710655.000000	34.063744	1032	0.000000
281474976710655.000000	37.537640	1033	0.000000
281474976710655.000000	36.127407	1034	0.000000
281474976710655.000000	33.988132	1035	0.000000
281474976710655.000000	37.424770	1036	0.000000
281474976710655.000000	37.698936	1037	0.000000
281474976710655.000000	37.279739	1038	0.000000
281474976710655.000000	36.183685	1039	0.000000
281474976710655.000000	36.923512	1040	0.000000
281474976710655.000000	33.749405	1041	0.000000
281474976710655.000000	32.291527	1042	0.000000
281474976710655.000000	30.686991	1043	0.000000
281474976710655.000000	36.440292	1044	0.000000
281474976710655.000000	31.989302	1045	0.000000
281474976710655.000000	32.132458	1046	0.000000
281474976710655.000000	32.974689	1047	0.000000
281474976710655.000000	36.752331	1048	0.000000
281474976710655.000000	32.778820	1049	0.000000
281474976710655.000000	31.842197	1050	0.000000
281474976710655.000000	34.837246	1051	0.000000
281474976710655.000000	36.812038	1052	0.000000
281474976710655.000000	36.474648	1053	0.000000
281474976710655.000000	30.414324	1054	0.000000
281474976710655.000000	36.797005	1055	0.000000
281474976710655.000000	36.327843	1056	0.000000
281474976710655.000000	35.166573	1057	0.000000
281474976710655.000000	33.805439	1058	0.000000
281474976710655.000000	29.176121	1059	0.000000
281474976710655.000000	33.851791	1060	0.000000
281474976710655.000000	38.891060	1061	0.000000
281474976710655.000000	35.669872	1062	0.000000
281474976710655.000000	35.331657	1063	0.000000
281474976710655.000000	35.319126	1064	0.000000
281474976710655.000000	33.648514	1065	0.000000
281474976710655.000000	44.083813	1066	0.000000
281474976710655.000000	37.051697	1067	0.000000
281474976710655.000000	35.529491	1068	0.000000
281474976710655.000000	35.852436	1069	0.000000
281474976710655.000000	33.683575	1070	0.000000
281474976710655.000000	37.209270	1071	0.000000
281474976710655.000000	33.389530	1072	0.000000
281474976710655.000000	35.812271	1073	0.000000
281474976710655.000000	43.661289	1074	0.000000
281474976710655.000000	35.858261	1075	0.000000
281474976710655.000000	32.609352	1076	0.000000
281474976710655.000000	28.464916	1077	0.000000
281474976710655.000000	31.611481	1078	0.000000
281474976710655.000000	44.031193	1079	0.000000
281474976710655.000000	31.423018	1080	0.000000
281474976710655.000000	38.267227	1081	0.000000
281474976710655.000000	35.025536	1082	0.000000
281474976710655.000000	33.748859	1083	0.000000
281474976710655.000000	35.954708	1084	0.000000
281474976710655.000000	35.666836	1085	0.000000
281474976710655.000000	34.622570	1086	0.000000
281474976710655.000000	33.401119	1087	0.000000
281474976710655.000000	40.617287	1088	0.000000
281474976710655.000000	30.336636	1089	0.000000
281474976710655.000000	37.303898	1090	0.000000
281474976710655.000000	28.649654	1091	0.000000
281474976710655.000000	43.434742	1092	0.000000
281474976710655.000000	32.508503	1093	0.000000
281474976710655.000000	27.740982	1094	0.000000
281474976710655.000000	31.645622	1095	0.000000
281474976710655.000000	34.417873	1096	0.000000
281474976710655.000000	41.808472	1097	0.000000
281474976710655.000000	33.111649	1098	0.000000
281474976710655.000000	35.882050	1099	0.000000
281474976710655.000000	29.830091	1100	0.000000
281474976710655.000000	37.420322	1101	0.000000
281474976710655.000000	32.248295	1102	0.000000
281474976710655.000000	31.642868	1103	0.000000
281474976710655.000000	29.225426	1104	0.000000
281474976710655.000000	33.769222	1105	0.000000
281474976710655.000000	33.176102	1106	0.000000
281474976710655.000000	35.303059	1107	0.000000
281474976710655.000000	26.792698	1108	0.000000
281474976710655.000000	33.916191	1109	0.000000
281474976710655.000000	36.256363	1110	0.000000
281474976710655.000000	33.798729	1111	0.000000
281474976710655.000000	36.346840	1112	0.000000
281474976710655.000000	35.069199	1113	0.000000
281474976710655.000000	27.607840	1114	0.000000
281474976710655.000000	39.329498	1115	0.000000
281474976710655.000000	27.779915	1116	0.000000
281474976710655.000000	36.206863	1117	0.000000
281474976710655.000000	28.466473	1118	0.000000
281474976710655.000000	33.518761	1119	0.000000
281474976710655.000000	32.629604	1120	0.000000
281474976710655.000000	31.441856	1121	0.000000
281474976710655.000000	27.596073	1122	0.000000
281474976710655.000000	30.149939	1123	0.000000
281474976710655.000000	36.977386	1124	0.000000
281474976710655.000000	27.724354	1125	0.000000
281474976710655.000000	34.114777	1126	0.000000
281474976710655.000000	34.438351	1127	0.000000
281474976710655.000000	35.245602	1128	0.000000
281474976710655.000000	40.012695	1129	0.000000
281474976710655.000000	30.661749	1130	0.000000
281474976710655.000000	30.926598	1131	0.000000
281474976710655.000000	33.926701	1132	0.000000
281474976710655.000000	37.992161	1133	0.000000
281474976710655.000000	32.391354	1134	0.000000
281474976710655.000000	31.620939	1135	0.000000
281474976710655.000000	32.874779	1136	0.000000
281474976710655.000000	30.514973	1137	0.000000
281474976710655.000000	34.809757	1138	0.000000
281474976710655.000000	38.182430	1139	0.000000
281474976710655.000000	33.609219	1140	0.000000
281474976710655.000000	30.648996	1141	0.000000
281474976710655.000000	38.230881	1142	0.000000
281474976710655.000000	27.000088	1143	0.000000
281474976710655.000000	29.275845	1144	0.000000
281474976710655.000000	28.620857	1145	0.000000
281474976710655.000000	35.107395	1146	0.000000
281474976710655.000000	32.663052	1147	0.000000
281474976710655.000000	32.081760	1148	0.000000
281474976710655.000000	37.518265	1149	0.000000
281474976710655.000000	31.368073	1150	0.000000
281474976710655.000000	31.383438	1151	0.000000
281474976710655.000000	27.017492	1152	0.000000
281474976710655.000000	31.974884	1153	0.000000
281474976710655.000000	35.029552	1154	0.000000
281474976710655.000000	35.369717	1155	0.000000
281474976710655.000000	27.680695	1156	0.000000
281474976710655.000000	32.192322	1157	0.000000
281474976710655.000000	29.508745	1158	0.000000
281474976710655.000000	36.583885	1159	0.000000
281474976710655.000000	28.253408	1160	0.000000
281474976710655.000000	33.101334	1161	0.000000
281474976710655.000000	35.452908	1162	0.000000
281474976710655.000000	28.744297	1163	0.000000
281474976710655.000000	28.700312	1164	0.000000
281474976710655.000000	32.222351	1165	0.000000
281474976710655.000000	35.464092	1166	0.000000
281474976710655.000000	32.790314	1167	0.000000
281474976710655.000000	32.130131	1168	0.000000
281474976710655.000000	36.610744	1169	0.000000
281474976710655.000000	29.115553	1170	0.000000
281474976710655.000000	32.074039	1171	0.000000
281474976710655.000000	25.598511	1172	0.000000
281474976710655.000000	29.476681	1173	0.000000
281474976710655.000000	27.419107	1174	0.000000
281474976710655.000000	27.144646	1175	0.000000
281474976710655.000000	28.412884	1176	0.000000
281474976710655.000000	32.690784	1177	0.000000
281474976710655.000000	34.573315	1178	0.000000
281474976710655.000000	27.667372	1179	0.000000
281474976710655.000000	31.904119	1180	0.000000
281474976710655.000000	27.722088	1181	0.000000
281474976710655.000000	31.516968	1182	0.000000
281474976710655.000000	33.527843	1183	0.000000
281474976710655.000000	28.110487	1184	0.000000
281474976710655.000000	28.070585	1185	0.000000
281474976710655.000000	28.353739	1186	0.000000
281474976710655.000000	27.421566	1187	0.000000
281474976710655.000000	27.548513	1188	0.000000
281474976710655.000000	32.693970	1189	0.000000
281474976710655.000000	26.159306	1190	0.000000
281474976710655.000000	30.116165	1191	0.000000
281474976710655.000000	27.911348	1192	0.000000
281474976710655.000000	29.731611	1193	0.000000
281474976710655.000000	30.341038	1194	0.000000
281474976710655.000000	33.838268	1195	0.000000
281474976710655.000000	29.245279	1196	0.000000
281474976710655.000000	31.636280	1197	0.000000
281474976710655.000000	27.974596	1198	0.000000
281474976710655.000000	29.438663	1199	0.000000
281474976710655.000000	33.428692	1200	0.000000
281474976710655.000000	32.613327	1201	0.000000
281474976710655.000000	32.175514	1202	0.000000
281474976710655.000000	32.695526	1203	0.000000
281474976710655.000000	26.710030	1204	0.000000
281474976710655.000000	32.455109	1205	0.000000
281474976710655.000000	31.266277	1206	0.000000
281474976710655.000000	31.439371	1207	0.000000
281474976710655.000000	34.541111	1208	0.000000
281474976710655.000000	28.626522	1209	0.000000
281474976710655.000000	28.824892	1210	0.000000
281474976710655.000000	30.043514	1211	0.000000
281474976710655.000000	26.300058	1212	0.000000
281474976710655.000000	27.255030	1213	0.000000
281474976710655.000000	31.755928	1214	0.000000
281474976710655.000000	30.150335	1215	0.000000
281474976710655.000000	26.388348	1216	0.000000
281474976710655.000000	32.107723	1217	0.000000
281474976710655.000000	27.108494	1218	0.000000
281474976710655.000000	31.945726	1219	0.000000
281474976710655.000000	29.547335	1220	0.000000
281474976710655.000000	24.917315	1221	0.000000
281474976710655.000000	28.713966	1222	0.000000
281474976710655.000000	25.939190	1223	0.000000
281474976710655.000000	27.876568	1224	0.000000
281474976710655.000000	25.747385	1225	0.000000
281474976710655.000000	30.442268	1226	0.000000
281474976710655.000000	34.005821	1227	0.000000
281474976710655.000000	29.152023	1228	0.000000
281474976710655.000000	31.491934	1229	0.000000
281474976710655.000000	28.938839	1230	0.000000
281474976710655.000000	26.120396	1231	0.000000
281474976710655.000000	30.261156	1232	0.000000
281474976710655.000000	29.436865	1233	0.000000
281474976710655.000000	29.733837	1234	0.000000
281474976710655.000000	29.157789	1235	0.000000
281474976710655.000000	28.650646	1236	0.000000
281474976710655.000000	28.906940	1237	0.000000
281474976710655.000000	26.505178	1238	0.000000
281474976710655.000000	29.693636	1239	0.000000
281474976710655.000000	26.656101	1240	0.000000
281474976710655.000000	30.081642	1241	0.000000
281474976710655.000000	28.265108	1242	0.000000
281474976710655.000000	30.043568	1243	0.000000
281474976710655.000000	24.595762	1244	0.000000
281474976710655.000000	31.796701	1245	0.000000
281474976710655.000000	25.311535	1246	0.000000
281474976710655.000000	28.537817	1247	0.000000
281474976710655.000000	25.684128	1248	0.000000
281474976710655.000000	26.658564	1249	0.000000
281474976710655.000000	30.253614	1250	0.000000
281474976710655.000000	28.124687	1251	0.000000
281474976710655.000000	28.778440	1252	0.000000
281474976710655.000000	30.333498	1253	0.000000
281474976710655.000000	29.234087	1254	0.000000
281474976710655.000000	24.852097	1255	0.000000
281474976710655.000000	27.432867	1256	0.000000
281474976710655.000000	32.416882	1257	0.000000
281474976710655.000000	27.310806	1258	0.000000
281474976710655.000000	26.791443	1259	0.000000
281474976710655.000000	28.592609	1260	0.000000
281474976710655.000000	28.614811	1261	0.000000
281474976710655.000000	24.832359	1262	0.000000
281474976710655.000000	28.389805	1263	0.000000
281474976710655.000000	29.140129	1264	0.000000
281474976710655.000000	26.859890	1265	0.000000
281474976710655.000000	30.067688	1266	0.000000
281474976710655.000000	27.276102	1267	0.000000
281474976710655.000000	26.868786	1268	0.000000
281474976710655.000000	25.955772	1269	0.000000
281474976710655.000000	26.720982	1270	0.000000
281474976710655.000000	27.094084	1271	0.000000
281474976710655.000000	30.622627	1272	0.000000
281474976710655.000000	27.126806	1273	0.000000
281474976710655.000000	26.855902	1274	0.000000
281474976710655.000000	27.507002	1275	0.000000
281474976710655.000000	27.715958	1276	0.000000
281474976710655.000000	23.644121	1277	0.000000
281474976710655.000000	26.589973	1278	0.000000
281474976710655.000000	27.163269	1279	0.000000
281474976710655.000000	24.911238	1280	0.000000
281474976710655.000000	27.627218	1281	0.000000
281474976710655.000000	24.094080	1282	0.000000
281474976710655.000000	27.691662	1283	0.000000
281474976710655.000000	27.836660	1284	0.000000
281474976710655.000000	26.643114	1285	0.000000
281474976710655.000000	28.919033	1286	0.000000
281474976710655.000000	25.341194	1287	0.000000
281474976710655.000000	26.240566	1288	0.000000
281474976710655.000000	27.966253	1289	0.000000
281474976710655.000000	28.738745	1290	0.000000
281474976710655.000000	26.681313	1291	0.000000
281474976710655.000000	25.577541	1292	0.000000
281474976710655.000000	26.967386	1293	0.000000
281474976710655.000000	26.324043	1294	0.000000
281474976710655.000000	24.763556	1295	0.000000
281474976710655.000000	26.649492	1296	0.000000
281474976710655.000000	27.317337	1297	0.000000
281474976710655.000000	26.617067	1298	0.000000
281474976710655.000000	24.634398	1299	0.000000
281474976710655.000000	26.383598	1300	0.000000
281474976710655.000000	26.239754	1301	0.000000
281474976710655.000000	27.345963	1302	0.000000
281474976710655.000000	25.906860	1303	0.000000
281474976710655.000000	28.090847	1304	0.000000
281474976710655.000000	25.910891	1305	0.000000
281474976710655.000000	23.366446	1306	0.000000
281474976710655.000000	25.186377	1307	0.000000
281474976710655.000000	26.662771	1308	0.000000
281474976710655.000000	26.226423	1309	0.000000
281474976710655.000000	27.128555	1310	0.000000
281474976710655.000000	24.586107	1311	0.000000
281474976710655.000000	27.534124	1312	0.000000
281474976710655.000000	25.419998	1313	0.000000
281474976710655.000000	22.897913	1314	0.000000
281474976710655.000000	26.679180	1315	0.000000
281474976710655.000000	25.330297	1316	0.000000
281474976710655.000000	23.821556	1317	0.000000
281474976710655.000000	25.756117	1318	0.000000
281474976710655.000000	27.140259	1319	0.000000
281474976710655.000000	24.187185	1320	0.000000
281474976710655.000000	27.080521	1321	0.000000
281474976710655.000000	25.414310	1322	0.000000
281474976710655.000000	24.249054	1323	0.000000
281474976710655.000000	26.407972	1324	0.000000
281474976710655.000000	24.810841	1325	0.000000
281474976710655.000000	24.700401	1326	0.000000
281474976710655.000000	25.862118	1327	0.000000
281474976710655.000000	25.830374	1328	0.000000
281474976710655.000000	24.631889	1329	0.000000
281474976710655.000000	27.226030	1330	0.000000
281474976710655.000000	24.247063	1331	0.000000
281474976710655.000000	22.048761	1332	0.000000
281474976710655.000000	24.797329	1333	0.000000
281474976710655.000000	25.478060	1334	0.000000
281474976710655.000000	26.095442	1335	0.000000
281474976710655.000000	24.398193	1336	0.000000
281474976710655.000000	26.803726	1337	0.000000
281474976710655.000000	25.521585	1338	0.000000
281474976710655.000000	24.956398	1339	0.000000
281474976710655.000000	25.200220	1340	0.000000
281474976710655.000000	25.451294	1341	0.000000
281474976710655.000000	23.709044	1342	0.000000
281474976710655.000000	26.963093	1343	0.000000
281474976710655.000000	21.386681	1344	0.000000
281474976710655.000000	21.768209	1345	0.000000
281474976710655.000000	26.218237	1346	0.000000
281474976710655.000000	26.157871	1347	0.000000
281474976710655.000000	23.882912	1348	0.000000
281474976710655.000000	25.852432	1349	0.000000
281474976710655.000000	25.538307	1350	0.000000
281474976710655.000000	24.859329	1351	0.000000
281474976710655.000000	25.555553	1352	0.000000
281474976710655.000000	23.426693	1353	0.000000
281474976710655.000000	23.243050	1354	0.000000
281474976710655.000000	25.179701	1355	0.000000
281474976710655.000000	21.256517	1356	0.000000
281474976710655.000000	22.825106	1357	0.000000
281474976710655.000000	24.802055	1358	0.000000
281474976710655.000000	21.321760	1359	0.000000
281474976710655.000000	24.141050	1360	0.000000
281474976710655.000000	24.170784	1361	0.000000
281474976710655.000000	21.080221	1362	0.000000
281474976710655.000000	23.303974	1363	0.000000
281474976710655.000000	24.460072	1364	0.000000
281474976710655.000000	25.412821	1365	0.000000
281474976710655.000000	23.202429	1366	0.000000
281474976710655.000000	26.061628	1367	0.000000
281474976710655.000000	24.044867	1368	0.000000
281474976710655.000000	23.802187	1369	0.000000
281474976710655.000000	23.662172	1370	0.000000
281474976710655.000000	24.188187	1371	0.000000
281474976710655.000000	24.582735	1372	0.000000
281474976710655.000000	24.031452	1373	0.000000
281474976710655.000000	22.248238	1374	0.000000
281474976710655.000000	22.868015	1375	0.000000
281474976710655.000000	22.682985	1376	0.000000
281474976710655.000000	25.627956	1377	0.000000
281474976710655.000000	23.205843	1378	0.000000
281474976710655.000000	24.880188	1379	0.000000
281474976710655.000000	24.952278	1380	0.000000
281474976710655.000000	22.898279	1381	0.000000
281474976710655.000000	24.746635	1382	0.000000
281474976710655.000000	22.710777	1383	0.000000
281474976710655.000000	24.101868	1384	0.000000
281474976710655.000000	22.649878	1385	0.000000
281474976710655.000000	24.221684	1386	0.000000
281474976710655.000000	24.148966	1387	0.000000
281474976710655.000000	22.058279	1388	0.000000
281474976710655.000000	22.611225	1389	0.000000
281474976710655.000000	23.613148	1390	0.000000
281474976710655.000000	23.371605	1391	0.000000
281474976710655.000000	23.619459	1392	0.000000
281474976710655.000000	24.390148	1393	0.000000
281474976710655.000000	21.789724	1394	0.000000
281474976710655.000000	20.434843	1395	0.000000
281474976710655.000000	23.387419	1396	0.000000
281474976710655.000000	22.183237	1397	0.000000
281474976710655.000000	22.880266	1398	0.000000
281474976710655.000000	23.441418	1399	0.000000
281474976710655.000000	23.197842	1400	0.000000
281474976710655.000000	20.037285	1401	0.000000
281474976710655.000000	23.226486	1402	0.000000
281474976710655.000000	21.534515	1403	0.000000
281474976710655.000000	21.739235	1404	0.000000
281474976710655.000000	20.950718	1405	0.000000
281474976710655.000000	22.806175	1406	0.000000
281474976710655.000000	21.932178	1407	0.000000
281474976710655.000000	23.180241	1408	0.000000
281474976710655.000000	22.593575	1409	0.000000
281474976710655.000000	22.175453	1410	0.000000
281474976710655.000000	22.932125	1411	0.000000
281474976710655.000000	20.608173	1412	0.000000
281474976710655.000000	21.852558	1413	0.000000
281474976710655.000000	21.945269	1414	0.000000
281474976710655.000000	24.223522	1415	0.000000
281474976710655.000000	19.546675	1416	0.000000
281474976710655.000000	20.760355	1417	0.000000
281474976710655.000000	23.139866	1418	0.000000
281474976710655.000000	23.389202	1419	0.000000
281474976710655.000000	21.354355	1420	0.000000
281474976710655.000000	19.868380	1421	0.000000
281474976710655.000000	22.823149	1422	0.000000
281474976710655.000000	22.798885	1423	0.000000
281474976710655.000000	21.762995	1424	0.000000
281474976710655.000000	21.761814	1425	0.000000
281474976710655.000000	19.955362	1426	0.000000
281474976710655.000000	22.666185	1427	0.000000
281474976710655.000000	21.083742	1428	0.000000
281474976710655.000000	21.505989	1429	0.000000
281474976710655.000000	21.392010	1430	0.000000
281474976710655.000000	23.285706	1431	0.000000
281474976710655.000000	20.947647	1432	0.000000
281474976710655.000000	23.228569	1433	0.000000
281474976710655.000000	19.905510	1434	0.000000
281474976710655.000000	22.068541	1435	0.000000
281474976710655.000000	20.803049	1436	0.000000
281474976710655.000000	19.979641	1437	0.000000
281474976710655.000000	22.576693	1438	0.000000
281474976710655.000000	22.377159	1439	0.000000
281474976710655.000000	21.375050	1440	0.000000
281474976710655.000000	21.976011	1441	0.000000
281474976710655.000000	22.714739	1442	0.000000
281474976710655.000000	22.436195	1443	0.000000
281474976710655.000000	22.231098	1444	0.000000
281474976710655.000000	23.656956	1445	0.000000
281474976710655.000000	22.692200	1446	0.000000
281474976710655.000000	22.237040	1447	0.000000
281474976710655.000000	20.449593	1448	0.000000
281474976710655.000000	20.226721	1449	0.000000
281474976710655.000000	20.644941	1450	0.000000
281474976710655.000000	21.944839	1451	0.000000
281474976710655.000000	21.101320	1452	0.000000
281474976710655.000000	20.615217	1453	0.000000
281474976710655.000000	20.977161	1454	0.000000
281474976710655.000000	22.471085	1455	0.000000
281474976710655.000000	20.615910	1456	0.000000
281474976710655.000000	21.456615	1457	0.000000
281474976710655.000000	22.588652	1458	0.000000
281474976710655.000000	21.726337	1459	0.000000
281474976710655.000000	19.815168	1460	0.000000
281474976710655.000000	21.147812	1461	0.000000
281474976710655.000000	21.252863	1462	0.000000
281474976710655.000000	21.950893	1463	0.000000
281474976710655.000000	19.748039	1464	0.000000
281474976710655.000000	21.322313	1465	0.000000
281474976710655.000000	20.207458	1466	0.000000
281474976710655.000000	19.621954	1467	0.000000
281474976710655.000000	21.153357	1468	0.000000
281474976710655.000000	21.077404	1469	0.000000
281474976710655.000000	20.373114	1470	0.000000
281474976710655.000000	21.276634	1471	0.000000
281474976710655.000000	21.425900	1472	0.000000
281474976710655.000000	22.166048	1473	0.000000
281474976710655.000000	21.211016	1474	0.000000
281474976710655.000000	20.055777	1475	0.000000
281474976710655.000000	19.950220	1476	0.000000
281474976710655.000000	21.539452	1477	0.000000
281474976710655.000000	21.726011	1478	0.000000
281474976710655.000000	19.817005	1479	0.000000
281474976710655.000000	20.276873	1480	0.000000
281474976710655.000000	19.591154	1481	0.000000
281474976710655.000000	20.270540	1482	0.000000
281474976710655.000000	20.144871	1483	0.000000
281474976710655.000000	20.431795	1484	0.000000
281474976710655.000000	21.850357	1485	0.000000
281474976710655.000000	19.536921	1486	0.000000
281474976710655.000000	20.039780	1487	0.000000
281474976710655.000000	20.743683	1488	0.000000
281474976710655.000000	21.657293	1489	0.000000
281474976710655.000000	19.321938	1490	0.000000
281474976710655.000000	20.066330	1491	0.000000
281474976710655.000000	20.389156	1492	0.000000
281474976710655.000000	20.444807	1493	0.000000
281474976710655.000000	20.106197	1494	0.000000
281474976710655.000000	20.225641	1495	0.000000
281474976710655.000000	20.255648	1496	0.000000
281474976710655.000000	20.989798	1497	0.000000
281474976710655.000000	19.419901	1498	0.000000
281474976710655.000000	21.358086	1499	0.000000
281474976710655.000000	19.140936	1500	0.000000
281474976710655.000000	20.622322	1501	0.000000
281474976710655.000000	19.402287	1502	0.000000
281474976710655.000000	20.142126	1503	0.000000
281474976710655.000000	20.095982	1504	0.000000
281474976710655.000000	20.014374	1505	0.000000
281474976710655.000000	20.755241	1506	0.000000
281474976710655.000000	20.245413	1507	0.000000
281474976710655.000000	19.423552	1508	0.000000
281474976710655.000000	19.760464	1509	0.000000
281474976710655.000000	19.537416	1510	0.000000
281474976710655.000000	19.322523	1511	0.000000
281474976710655.000000	20.328377	1512	0.000000
281474976710655.000000	19.453882	1513	0.000000
281474976710655.000000	19.700745	1514	0.000000
281474976710655.000000	20.068201	1515	0.000000
281474976710655.000000	19.472729	1516	0.000000
281474976710655.000000	18.787146	1517	0.000000
281474976710655.000000	19.809160	1518	0.000000
281474976710655.000000	19.685843	1519	0.000000
281474976710655.000000	19.474197	1520	0.000000
281474976710655.000000	19.803968	1521	0.000000
281474976710655.000000	20.081905	1522	0.000000
281474976710655.000000	19.396055	1523	0.000000
281474976710655.000000	20.053047	1524	0.000000
281474976710655.000000	18.934044	1525	0.000000
281474976710655.000000	18.641182	1526	0.000000
281474976710655.000000	19.430655	1527	0.000000
281474976710655.000000	19.377270	1528	0.000000
281474976710655.000000	19.812046	1529	0.000000
281474976710655.000000	19.382900	1530	0.000000
281474976710655.000000	20.110918	1531	0.000000
281474976710655.000000	18.472700	1532	0.000000
281474976710655.000000	19.243277	1533	0.000000
281474976710655.000000	18.922113	1534	0.000000
281474976710655.000000	19.018290	1535	0.000000
281474976710655.000000	19.554728	1536	0.000000
281474976710655.000000	19.150826	1537	0.000000
281474976710655.000000	19.181358	1538	0.000000
281474976710655.000000	19.800928	1539	0.000000
281474976710655.000000	18.653887	1540	0.000000
281474976710655.000000	19.293060	1541	0.000000
281474976710655.000000	19.140026	1542	0.000000
281474976710655.000000	19.834867	1543	0.000000
281474976710655.000000	19.116728	1544	0.000000
281474976710655.000000	19.149239	1545	0.000000
281474976710655.000000	18.513563	1546	0.000000
281474976710655.000000	19.833969	1547	0.000000
281474976710655.000000	19.206852	1548	0.000000
281474976710655.000000	18.726431	1549	0.000000
281474976710655.000000	18.837566	1550	0.000000
281474976710655.000000	18.785917	1551	0.000000
281474976710655.000000	18.835409	1552	0.000000
281474976710655.000000	18.511436	1553	0.000000
281474976710655.000000	18.893061	1554	0.000000
281474976710655.000000	19.044224	1555	0.000000
281474976710655.000000	19.175510	1556	0.000000
281474976710655.000000	19.622820	1557	0.000000
281474976710655.000000	17.977688	1558	0.000000
281474976710655.000000	18.904602	1559	0.000000
281474976710655.000000	18.394192	1560	0.000000
281474976710655.000000	18.386826	1561	0.000000
281474976710655.000000	18.534250	1562	0.000000
281474976710655.000000	18.758320	1563	0.000000
281474976710655.000000	18.529284	1564	0.000000
281474976710655.000000	18.660002	1565	0.000000
281474976710655.000000	18.636959	1566	0.000000
281474976710655.000000	18.732048	1567	0.000000
281474976710655.000000	18.342236	1568	0.000000
281474976710655.000000	18.752354	1569	0.000000
281474976710655.000000	17.873518	1570	0.000000
281474976710655.000000	18.587584	1571	0.000000
281474976710655.000000	18.210520	1572	0.000000
281474976710655.000000	18.133396	1573	0.000000
281474976710655.000000	19.680248	1574	0.000000
281474976710655.000000	18.508160	1575	0.000000
281474976710655.000000	18.456696	1576	0.000000
281474976710655.000000	18.722094	1577	0.000000
281474976710655.000000	17.988850	1578	0.000000
281474976710655.000000	18.774076	1579	0.000000
281474976710655.000000	17.799074	1580	0.000000
281474976710655.000000	17.987370	1581	0.000000
281474976710655.000000	18.340876	1582	0.000000
281474976710655.000000	18.992388	1583	0.000000
281474976710655.000000	17.834871	1584	0.000000
281474976710655.000000	18.589710	1585	0.000000
281474976710655.000000	17.591846	1586	0.000000
281474976710655.000000	18.889820	1587	0.000000
281474976710655.000000	18.084290	1588	0.000000
281474976710655.000000	18.193064	1589	0.000000
281474976710655.000000	17.572298	1590	0.000000
281474976710655.000000	18.384296	1591	0.000000
281474976710655.000000	18.130371	1592	0.000000
281474976710655.000000	18.245852	1593	0.000000
281474976710655.000000	17.739367	1594	0.000000
281474976710655.000000	18.033394	1595	0.000000
281474976710655.000000	17.668268	1596	0.000000
281474976710655.000000	17.982464	1597	0.000000
281474976710655.000000	17.422325	1598	0.000000
281474976710655.000000	18.329990	1599	0.000000
281474976710655.000000	17.337538	1600	0.000000
281474976710655.000000	17.549086	1601	0.000000
281474976710655.000000	17.696608	1602	0.000000
281474976710655.000000	17.721739	1603	0.000000
281474976710655.000000	17.488548	1604	0.000000
281474976710655.000000	18.042770	1605	0.000000
281474976710655.000000	17.799658	1606	0.000000
281474976710655.000000	17.535666	1607	0.000000
281474976710655.000000	18.102203	1608	0.000000
281474976710655.000000	18.263847	1609	0.000000
281474976710655.000000	17.768766	1610	0.000000
281474976710655.000000	18.051102	1611	0.000000
281474976710655.000000	17.542400	1612	0.000000
281474976710655.000000	18.252649	1613	0.000000
281474976710655.000000	17.703627	1614	0.000000
281474976710655.000000	17.816505	1615	0.000000
281474976710655.000000	17.713196	1616	0.000000
281474976710655.000000	17.756973	1617	0.000000
281474976710655.000000	16.978420	1618	0.000000
281474976710655.000000	17.480455	1619	0.000000
281474976710655.000000	17.299465	1620	0.000000
281474976710655.000000	17.403172	1621	0.000000
281474976710655.000000	16.955639	1622	0.000000
281474976710655.000000	17.431187	1623	0.000000
281474976710655.000000	17.034430	1624	0.000000
281474976710655.000000	17.655542	1625	0.000000
281474976710655.000000	17.067410	1626	0.000000
281474976710655.000000	17.625631	1627	0.000000
281474976710655.000000	16.118469	1628	0.000000
281474976710655.000000	17.743870	1629	0.000000
281474976710655.000000	17.388098	1630	0.000000
281474976710655.000000	17.405252	1631	0.000000
281474976710655.000000	16.801516	1632	0.000000
281474976710655.000000	17.492495	1633	0.000000
281474976710655.000000	17.189722	1634	0.000000
281474976710655.000000	17.504694	1635	0.000000
281474976710655.000000	17.524628	1636	0.000000
281474976710655.000000	17.143219	1637	0.000000
281474976710655.000000	16.974213	1638	0.000000
281474976710655.000000	17.186615	1639	0.000000
281474976710655.000000	16.994669	1640	0.000000
281474976710655.000000	16.947962	1641	0.000000
281474976710655.000000	16.923740	1642	0.000000
281474976710655.000000	17.141960	1643	0.000000
281474976710655.000000	16.880384	1644	0.000000
281474976710655.000000	16.864676	1645	0.000000
281474976710655.000000	16.986326	1646	0.000000
281474976710655.000000	17.068531	1647	0.000000
281474976710655.000000	17.158789	1648	0.000000
281474976710655.000000	16.500238	1649	0.000000
281474976710655.000000	17.168535	1650	0.000000
281474976710655.000000	16.608688	1651	0.000000
281474976710655.000000	16.621494	1652	0.000000
281474976710655.000000	16.795046	1653	0.000000
281474976710655.000000	16.505968	1654	0.000000
281474976710655.000000	16.669712	1655	0.000000
281474976710655.000000	16.480755	1656	0.000000
281474976710655.000000	16.672001	1657	0.000000
281474976710655.000000	16.578411	1658	0.000000
281474976710655.000000	17.276854	1659	0.000000
281474976710655.000000	16.354557	1660	0.000000
281474976710655.000000	16.661922	1661	0.000000
281474976710655.000000	16.857550	1662	0.000000
281474976710655.000000	16.768385	1663	0.000000
281474976710655.000000	16.245913	1664	0.000000
281474976710655.000000	16.671783	1665	0.000000
281474976710655.000000	16.211245	1666	0.000000
281474976710655.000000	16.731030	1667	0.000000
281474976710655.000000	16.394249	1668	0.000000
281474976710655.000000	17.191328	1669	0.000000
281474976710655.000000	16.258026	1670	0.000000
281474976710655.000000	16.906427	1671	0.000000
281474976710655.000000	16.503349	1672	0.000000
281474976710655.000000	16.407066	1673	0.000000
281474976710655.000000	16.413237	1674	0.000000
281474976710655.000000	16.326063	1675	0.000000
281474976710655.000000	16.373320	1676	0.000000
281474976710655.000000	16.800600	1677	0.000000
281474976710655.000000	16.196318	1678	0.000000
281474976710655.000000	16.194002	1679	0.000000
281474976710655.000000	16.252489	1680	0.000000
281474976710655.000000	16.274988	1681	0.000000
281474976710655.000000	15.868608	1682	0.000000
281474976710655.000000	15.986301	1683	0.000000
281474976710655.000000	16.300261	1684	0.000000
281474976710655.000000	16.304710	1685	0.000000
281474976710655.000000	16.122627	1686	0.000000
281474976710655.000000	16.310461	1687	0.000000
281474976710655.000000	15.544812	1688	0.000000
281474976710655.000000	16.225788	1689	0.000000
281474976710655.000000	16.204336	1690	0.000000
281474976710655.000000	16.424276	1691	0.000000
281474976710655.000000	15.828690	1692	0.000000
281474976710655.000000	16.270718	1693	0.000000
281474976710655.000000	15.528983	1694	0.000000
281474976710655.000000	16.410887	1695	0.000000
281474976710655.000000	15.889751	1696	0.000000
281474976710655.000000	16.201296	1697	0.000000
281474976710655.000000	15.500402	1698	0.000000
281474976710655.000000	16.549311	1699	0.000000
281474976710655.000000	15.677711	1700	0.000000
281474976710655.000000	16.214159	1701	0.000000
281474976710655.000000	16.136959	1702	0.000000
281474976710655.000000	15.664410	1703	0.000000
281474976710655.000000	15.279699	1704	0.000000
281474976710655.000000	15.744801	1705	0.000000
281474976710655.000000	15.469108	1706	0.000000
281474976710655.000000	15.917212	1707	0.000000
281474976710655.000000	15.851771	1708	0.000000
281474976710655.000000	16.018942	1709	0.000000
281474976710655.000000	15.758253	1710	0.000000
281474976710655.000000	15.607911	1711	0.000000
281474976710655.000000	15.570885	1712	0.000000
281474976710655.000000	15.841932	1713	0.000000
281474976710655.000000	15.745662	1714	0.000000
281474976710655.000000	16.036774	1715	0.000000
281474976710655.000000	15.740952	1716	0.000000
281474976710655.000000	15.444398	1717	0.000000
281474976710655.000000	15.088426	1718	0.000000
281474976710655.000000	15.567053	1719	0.000000
281474976710655.000000	15.390486	1720	0.000000
281474976710655.000000	15.095858	1721	0.000000
281474976710655.000000	15.605147	1722	0.000000
281474976710655.000000	15.693705	1723	0.000000
281474976710655.000000	15.154361	1724	0.000000
281474976710655.000000	15.476029	1725	0.000000
281474976710655.000000	15.625866	1726	0.000000
281474976710655.000000	15.383982	1727	0.000000
281474976710655.000000	15.173766	1728	0.000000
281474976710655.000000	15.356922	1729	0.000000
281474976710655.000000	15.424416	1730	0.000000
281474976710655.000000	15.198373	1731	0.000000
281474976710655.000000	14.867441	1732	0.000000
281474976710655.000000	14.874142	1733	0.000000
281474976710655.000000	15.179553	1734	0.000000
281474976710655.000000	15.077372	1735	0.000000
281474976710655.000000	15.098911	1736	0.000000
281474976710655.000000	15.457117	1737	0.000000
281474976710655.000000	14.761381	1738	0.000000
281474976710655.000000	15.304864	1739	0.000000
281474976710655.000000	15.091785	1740	0.000000
281474976710655.000000	15.041782	1741	0.000000
281474976710655.000000	15.368550	1742	0.000000
281474976710655.000000	15.161292	1743	0.000000
281474976710655.000000	14.525813	1744	0.000000
281474976710655.000000	15.341426	1745	0.000000
281474976710655.000000	14.817947	1746	0.000000
281474976710655.000000	15.138016	1747	0.000000
281474976710655.000000	15.226897	1748	0.000000
281474976710655.000000	15.188802	1749	0.000000
281474976710655.000000	14.554036	1750	0.000000
281474976710655.000000	14.588274	1751	0.000000
281474976710655.000000	15.138250	1752	0.000000
281474976710655.000000	14.653003	1753	0.000000
281474976710655.000000	14.702050	1754	0.000000
281474976710655.000000	14.937066	1755	0.000000
281474976710655.000000	15.359271	1756	0.000000
281474976710655.000000	15.124701	1757	0.000000
281474976710655.000000	14.933400	1758	0.000000
281474976710655.000000	15.128279	1759	0.000000
281474976710655.000000	14.523025	1760	0.000000
281474976710655.000000	14.701493	1761	0.000000
281474976710655.000000	14.719163	1762	0.000000
281474976710655.000000	14.552096	1763	0.000000
281474976710655.000000	14.815332	1764	0.000000
281474976710655.000000	14.754768	1765	0.000000
281474976710655.000000	14.614231	1766	0.000000
281474976710655.000000	15.099580	1767	0.000000
281474976710655.000000	14.894094	1768	0.000000
281474976710655.000000	14.561627	1769	0.000000
281474976710655.000000	14.528657	1770	0.000000
281474976710655.000000	14.914685	1771	0.000000
281474976710655.000000	14.584044	1772	0.000000
281474976710655.000000	14.834228	1773	0.000000
281474976710655.000000	14.192733	1774	0.000000
281474976710655.000000	14.603831	1775	0.000000
281474976710655.000000	14.233173	1776	0.000000
281474976710655.000000	14.320068	1777	0.000000
281474976710655.000000	14.037578	1778	0.000000
281474976710655.000000	14.384390	1779	0.000000
281474976710655.000000	14.721583	1780	0.000000
281474976710655.000000	14.400423	1781	0.000000
281474976710655.000000	14.318735	1782	0.000000
281474976710655.000000	14.268800	1783	0.000000
281474976710655.000000	14.668037	1784	0.000000
281474976710655.000000	14.708185	1785	0.000000
281474976710655.000000	14.342531	1786	0.000000
281474976710655.000000	14.138041	1787	0.000000
281474976710655.000000	13.957175	1788	0.000000
281474976710655.000000	14.059618	1789	0.000000
281474976710655.000000	14.015447	1790	0.000000
281474976710655.000000	14.000633	1791	0.000000
281474976710655.000000	14.042912	1792	0.000000
281474976710655.000000	14.041590	1793	0.000000
281474976710655.000000	14.448396	1794	0.000000
281474976710655.000000	14.401159	1795	0.000000
281474976710655.000000	13.864366	1796	0.000000
281474976710655.000000	14.146740	1797	0.000000
281474976710655.000000	14.258364	1798	0.000000
281474976710655.000000	14.699436	1799	0.000000
281474976710655.000000	14.037223	1800	0.000000
281474976710655.000000	13.998399	1801	0.000000
281474976710655.000000	14.178266	1802	0.000000
281474976710655.000000	14.240955	1803	0.000000
281474976710655.000000	14.101130	1804	0.000000
281474976710655.000000	14.419900	1805	0.000000
281474976710655.000000	13.768726	1806	0.000000
281474976710655.000000	14.632574	1807	0.000000
281474976710655.000000	14.203660	1808	0.000000
281474976710655.000000	14.520035	1809	0.000000
281474976710655.000000	13.570113	1810	0.000000
281474976710655.000000	13.693510	1811	0.000000
281474976710655.000000	14.043859	1812	0.000000
281474976710655.000000	13.808493	1813	0.000000
281474976710655.000000	13.828750	1814	0.000000
281474976710655.000000	13.963054	1815	0.000000
281474976710655.000000	13.505164	1816	0.000000
281474976710655.000000	14.144668	1817	0.000000
281474976710655.000000	13.636054	1818	0.000000
281474976710655.000000	13.554148	1819	0.000000
281474976710655.000000	14.006883	1820	0.000000
281474976710655.000000	14.029602	1821	0.000000
281474976710655.000000	13.993637	1822	0.000000
281474976710655.000000	13.369580	1823	0.000000
281474976710655.000000	13.455638	1824	0.000000
281474976710655.000000	13.339443	1825	0.000000
281474976710655.000000	13.899263	1826	0.000000
281474976710655.000000	13.785355	1827	0.000000
281474976710655.000000	13.359490	1828	0.000000
281474976710655.000000	13.449406	1829	0.000000
281474976710655.000000	13.153066	1830	0.000000
281474976710655.000000	13.431684	1831	0.000000
281474976710655.000000	13.147952	1832	0.000000
281474976710655.000000	13.548130	1833	0.000000
281474976710655.000000	13.154194	1834	0.000000
281474976710655.000000	13.657406	1835	0.000000
281474976710655.000000	13.408188	1836	0.000000
281474976710655.000000	13.748864	1837	0.000000
281474976710655.000000	13.631701	1838	0.000000
281474976710655.000000	13.895075	1839	0.000000
281474976710655.000000	13.123836	1840	0.000000
281474976710655.000000	13.316723	1841	0.000000
281474976710655.000000	13.366410	1842	0.000000
281474976710655.000000	13.513868	1843	0.000000
281474976710655.000000	13.633521	1844	0.000000
281474976710655.000000	13.742855	1845	0.000000
281474976710655.000000	13.341352	1846	0.000000
281474976710655.000000	13.322402	1847	0.000000
281474976710655.000000	13.351355	1848	0.000000
281474976710655.000000	13.311011	1849	0.000000
281474976710655.000000	13.350272	1850	0.000000
281474976710655.000000	13.288325	1851	0.000000
281474976710655.000000	12.974599	1852	0.000000
281474976710655.000000	13.281516	1853	0.000000
281474976710655.000000	12.910945	1854	0.000000
281474976710655.000000	13.202405	1855	0.000000
281474976710655.000000	13.290721	1856	0.000000
281474976710655.000000	13.122264	1857	0.000000
281474976710655.000000	13.387599	1858	0.000000
281474976710655.000000	13.614309	1859	0.000000
281474976710655.000000	13.190935	1860	0.000000
281474976710655.000000	13.232712	1861	0.000000
281474976710655.000000	13.004986	1862	0.000000
281474976710655.000000	13.052140	1863	0.000000
281474976710655.000000	12.811780	1864	0.000000
281474976710655.000000	12.905762	1865	0.000000
281474976710655.000000	12.953305	1866	0.000000
281474976710655.000000	13.181126	1867	0.000000
281474976710655.000000	13.142544	1868	0.000000
281474976710655.000000	13.349907	1869	0.000000
281474976710655.000000	13.069720	1870	0.000000
281474976710655.000000	12.757152	1871	0.000000
281474976710655.000000	13.046144	1872	0.000000
281474976710655.000000	13.106210	1873	0.000000
281474976710655.000000	12.795833	1874	0.000000
281474976710655.000000	13.063554	1875	0.000000
281474976710655.000000	12.813564	1876	0.000000
281474976710655.000000	13.121627	1877	0.000000
281474976710655.000000	12.506967	1878	0.000000
281474976710655.000000	13.067252	1879	0.000000
281474976710655.000000	12.925136	1880	0.000000
281474976710655.000000	12.997161	1881	0.000000
281474976710655.000000	12.549882	1882	0.000000
281474976710655.000000	13.173374	1883	0.000000
281474976710655.000000	12.656318	1884	0.000000
281474976710655.000000	12.924554	1885	0.000000
281474976710655.000000	12.475534	1886	0.000000
281474976710655.000000	12.865197	1887	0.000000
281474976710655.000000	12.588276	1888	0.000000
281474976710655.000000	13.379563	1889	0.000000
281474976710655.000000	12.334616	1890	0.000000
281474976710655.000000	12.899060	1891	0.000000
281474976710655.000000	12.381647	1892	0.000000
281474976710655.000000	12.552629	1893	0.000000
281474976710655.000000	12.769050	1894	0.000000
281474976710655.000000	12.845530	1895	0.000000
281474976710655.000000	12.815181	1896	0.000000
281474976710655.000000	12.416848	1897	0.000000
281474976710655.000000	12.318588	1898	0.000000
281474976710655.000000	12.589731	1899	0.000000
281474976710655.000000	12.725205	1900	0.000000
281474976710655.000000	12.235003	1901	0.000000
281474976710655.000000	12.649563	1902	0.000000
281474976710655.000000	12.788672	1903	0.000000
281474976710655.000000	12.175686	1904	0.000000
281474976710655.000000	12.215946	1905	0.000000
281474976710655.000000	12.508370	1906	0.000000
281474976710655.000000	12.505042	1907	0.000000
281474976710655.000000	12.331005	1908	0.000000
281474976710655.000000	12.326961	1909	0.000000
281474976710655.000000	12.211111	1910	0.000000
281474976710655.000000	12.107697	1911	0.000000
281474976710655.000000	12.036613	1912	0.000000
281474976710655.000000	12.446241	1913	0.000000
281474976710655.000000	12.119518	1914	0.000000
281474976710655.000000	12.390266	1915	0.000000
281474976710655.000000	11.830441	1916	0.000000
281474976710655.000000	12.515206	1917	0.000000
281474976710655.000000	11.945553	1918	0.000000
281474976710655.000000	12.606790	1919	0.000000
281474976710655.000000	12.225628	1920	0.000000
281474976710655.000000	12.563650	1921	0.000000
281474976710655.000000	12.500621	1922	0.000000
281474976710655.000000	12.613389	1923	0.000000
281474976710655.000000	12.238799	1924	0.000000
281474976710655.000000	12.620363	1925	0.000000
281474976710655.000000	12.225700	1926	0.000000
281474976710655.000000	12.162975	1927	0.000000
281474976710655.000000	11.985343	1928	0.000000
281474976710655.000000	12.279410	1929	0.000000
281474976710655.000000	12.367410	1930	0.000000
281474976710655.000000	12.626623	1931	0.000000
281474976710655.000000	12.203041	1932	0.000000
281474976710655.000000	12.083089	1933	0.000000
281474976710655.000000	12.236851	1934	0.000000
281474976710655.000000	12.360197	1935	0.000000
281474976710655.000000	12.341504	1936	0.000000
281474976710655.000000	11.871788	1937	0.000000
281474976710655.000000	11.928562	1938	0.000000
281474976710655.000000	12.005471	1939	0.000000
281474976710655.000000	12.270499	1940	0.000000
281474976710655.000000	12.024564	1941	0.000000
281474976710655.000000	12.045936	1942	0.000000
281474976710655.000000	12.014711	1943	0.000000
281474976710655.000000	11.639688	1944	0.000000
281474976710655.000000	11.967739	1945	0.000000
281474976710655.000000	11.938230	1946	0.000000
281474976710655.000000	12.178353	1947	0.000000
281474976710655.000000	11.864139	1948	0.000000
281474976710655.000000	11.690974	1949	0.000000
281474976710655.000000	11.485519	1950	0.000000
281474976710655.000000	11.888542	1951	0.000000
281474976710655.000000	11.593606	1952	0.000000
281474976710655.000000	11.975774	1953	0.000000
281474976710655.000000	11.702795	1954	0.000000
281474976710655.000000	12.055459	1955	0.000000
281474976710655.000000	11.386461	1956	0.000000
281474976710655.000000	11.829432	1957	0.000000
281474976710655.000000	11.747784	1958	0.000000
281474976710655.000000	12.002934	1959	0.000000
281474976710655.000000	11.693184	1960	0.000000
281474976710655.000000	11.933256	1961	0.000000
281474976710655.000000	11.608460	1962	0.000000
281474976710655.000000	11.690146	1963	0.000000
281474976710655.000000	11.469647	1964	0.000000
281474976710655.000000	11.905134	1965	0.000000
281474976710655.000000	11.381733	1966	0.000000
281474976710655.000000	11.568192	1967	0.000000
281474976710655.000000	11.404508	1968	0.000000
281474976710655.000000	11.461544	1969	0.000000
281474976710655.000000	11.511183	1970	0.000000
281474976710655.000000	11.437156	1971	0.000000
281474976710655.000000	11.232810	1972	0.000000
281474976710655.000000	11.165962	1973	0.000000
