num crossings	time (s)	maj axis (mm)	min axis (mm)	theta (rad )	slope (V/s)
813	1674.569181	128.276649	-6.820874	-1.541893	48.838422
815	1676.655946	131.248889	1.353870	-1.515959	51.269943
817	1678.742156	128.322943	2.351418	-1.513084	48.083089
819	1680.829014	131.634282	2.324100	-1.519883	49.835292
821	1682.915053	129.383743	3.413171	-1.519943	49.657629
823	1685.001717	128.159156	-6.163552	-1.532488	49.518981
825	1687.087659	128.215059	-7.466283	-1.546270	49.769297
827	1689.174391	125.400484	-5.591321	-1.543572	49.637623
829	1691.260644	127.596976	3.333644	-1.505059	50.084948
831	1693.347074	128.673208	2.178254	-1.540617	48.934594
833	1695.433516	127.212504	3.532391	-1.516116	48.472641
835	1697.519722	130.100728	1.216788	-1.521356	48.306862
837	1699.606229	129.697547	2.173810	-1.515116	49.053750
839	1701.692777	129.832084	1.774988	-1.529105	47.967946
841	1703.778904	127.905520	2.490198	-1.528235	48.618608
843	1705.865387	128.163007	-6.370152	-1.554077	47.940188
845	1707.952046	129.751330	-7.848151	-1.536839	47.552791
847	1710.038071	128.271610	2.267715	-1.530591	48.108432
849	1712.124709	127.732145	1.673882	-1.509734	46.452139
851	1714.211043	129.254010	1.683168	-1.538267	48.137891
853	1716.297558	127.213780	2.688268	-1.526616	47.535743
855	1718.384389	126.035151	-7.639550	-1.571201	47.862502
857	1720.470498	126.575526	0.471934	-1.545276	46.340273
859	1722.557121	127.161496	2.394095	-1.540823	47.438880
861	1724.643338	124.082523	-5.827379	-1.553882	47.371190
863	1726.729911	126.180620	-7.474057	-1.566716	46.156391
865	1728.816299	126.894311	-7.891746	-1.560777	45.336352
867	1730.902925	126.543078	-7.297781	-1.543719	46.893298
869	1732.989223	126.319558	-4.791483	-1.550307	46.857307
871	1735.075834	127.225335	-8.256976	-1.566145	45.735531
873	1737.162251	121.513250	-8.257677	4.704005	45.649306
875	1739.248665	122.354557	1.092236	4.790680	44.940720
877	1741.335050	125.079574	-7.797572	-1.552442	45.828418
879	1743.421275	124.434796	-6.748930	-1.563178	45.664845
881	1745.507830	125.271083	-8.469702	-1.575594	45.285965
883	1747.594138	122.245726	-5.910469	-1.563948	43.719420
885	1749.680421	123.431660	-9.030664	-1.565328	44.327277
887	1751.766668	125.181982	-6.148235	-1.559733	46.456864
889	1753.852989	122.919057	-6.774072	-1.568615	45.487075
891	1755.939184	124.214276	-8.325347	4.708253	44.314892
893	1758.025511	123.194793	-8.864366	-1.570080	44.592640
895	1760.111607	122.980583	-0.650292	-1.560705	44.389117
897	1762.197991	122.150917	0.121094	-1.537221	44.475634
899	1764.284063	124.146179	1.146536	-1.563295	44.653627
901	1766.370560	121.436570	1.999035	-1.546954	43.321770
903	1768.456571	124.137861	1.084576	-1.555070	45.343334
905	1770.542910	117.895553	1.440368	4.760875	44.052623
907	1772.629254	123.130457	0.850840	4.718841	43.647736
909	1774.715301	122.010844	-9.249412	-1.586283	43.914987
911	1776.801592	122.750646	-8.468132	-1.588583	43.272426
913	1778.887843	119.560589	-7.578777	-1.580472	44.326437
915	1780.974396	121.584448	1.283010	-1.554856	42.782999
917	1783.060489	122.504223	-8.168666	4.686260	43.446459
919	1785.146913	119.850134	-5.800869	4.707884	43.672834
921	1787.233092	120.779455	-9.641067	4.699413	43.301017
923	1789.319387	121.388859	-6.907251	4.689887	42.908715
925	1791.405621	120.347465	-6.560236	4.691600	43.767933
927	1793.491916	120.971883	-8.370171	4.691282	41.941885
929	1795.578197	120.406915	-7.033280	-1.586886	41.912593
931	1797.664780	121.251325	-6.533764	-1.584774	42.568408
933	1799.751051	118.264424	-6.653736	-1.595206	44.253554
935	1801.837339	121.063113	-8.924459	-1.610026	41.849806
937	1803.923508	120.282116	-8.706564	-1.600055	40.998374
939	1806.009970	120.286471	-0.900897	-1.590131	40.994575
941	1808.096260	119.648127	-0.397793	-1.617294	41.547582
943	1810.182393	119.301585	-1.461150	-1.581840	41.495323
945	1812.268616	117.628210	-1.715091	-1.574615	42.161024
947	1814.354973	121.440659	-1.820982	4.679895	42.161192
949	1816.441208	119.220425	1.039780	4.697608	41.266230
951	1818.526904	119.007021	-6.812243	4.687012	40.788274
953	1820.613307	118.149383	-7.598170	4.688129	41.593511
955	1822.699482	120.190395	-9.662238	4.684033	40.608298
957	1824.785704	119.146532	-9.709398	4.677273	41.197561
959	1826.871716	119.485947	-8.645323	-1.616034	41.222516
961	1828.957716	118.858919	-10.107268	-1.600982	39.078208
963	1831.043871	118.617421	0.008935	4.679030	40.324494
965	1833.129958	119.408366	-0.677025	4.679929	41.119602
967	1835.216062	117.314565	0.505767	4.686288	40.275673
969	1837.302282	119.142543	-2.002858	4.669424	39.532954
971	1839.388250	115.688784	0.275051	4.701353	41.518823
973	1841.474387	118.562505	-1.812663	4.683406	39.509835
975	1843.560626	118.973607	-0.295470	4.674937	40.695367
977	1845.646554	117.610906	0.016718	4.674462	39.522248
979	1847.732627	117.001098	-0.272695	4.680532	39.863935
981	1849.818926	117.174310	-0.722506	4.669663	39.324992
983	1851.905041	118.042964	-1.423051	4.671810	37.640116
985	1853.991224	117.474848	-0.643354	4.664084	39.562232
987	1856.077259	115.315513	-2.581658	4.668609	39.281848
989	1858.163186	109.650231	-5.233353	4.656121	38.571925
991	1860.249665	113.130109	-9.531064	4.645359	39.413064
993	1862.335881	114.145841	-11.151120	4.646740	39.322000
995	1864.422281	114.561661	-9.211034	4.659608	38.221066
997	1866.508337	114.076998	0.147335	-1.634680	38.994199
999	1868.594501	116.659130	-2.110266	-1.622033	38.381519
1001	1870.680422	115.302670	-0.520813	-1.611500	38.080655
1003	1872.767109	115.826122	-0.900078	-1.631947	38.462132
1005	1874.853121	116.341795	-0.744144	4.655430	37.657952
1007	1876.939268	114.422720	-8.138359	4.646308	38.420425
1009	1879.025617	114.300804	-11.224272	4.647858	38.303280
1011	1881.111226	114.468315	-11.088845	4.648145	37.070968
1013	1883.197653	114.210942	-10.039898	4.634799	37.601070
1015	1885.283489	115.786467	-1.164953	4.650776	38.056770
1017	1887.369351	115.039543	-0.873932	4.641003	37.569922
1019	1889.455526	113.638963	-2.469794	4.665130	36.857714
1021	1891.541549	113.899617	-9.599606	4.631440	36.560183
1023	1893.627390	112.823541	-10.785129	4.628620	37.269116
1025	1895.713697	112.437256	-9.508569	4.626200	37.436872
1027	1897.799764	113.328409	-1.248832	4.623488	37.236184
1029	1899.885541	112.935036	-0.755889	4.661373	37.281239
1031	1901.971474	112.525788	-0.619537	4.660110	37.276382
1033	1904.057515	112.426921	-2.481354	4.628891	37.273325
1035	1906.143516	114.459675	-2.850469	4.622279	36.511654
1037	1908.229485	113.151826	-1.084046	4.629996	36.441410
1039	1910.315505	111.853474	-2.778678	4.617201	36.822905
1041	1912.401500	112.605126	-0.825656	4.627087	36.491989
1043	1914.487442	110.618326	-7.896161	4.621562	36.104521
1045	1916.573508	111.967074	-10.431975	4.606493	36.288737
1047	1918.659484	111.020670	-8.786460	4.623911	36.905859
1049	1920.745489	110.948969	-11.626839	4.629586	36.257694
1051	1922.831693	112.323074	-1.383680	4.624051	35.697017
1053	1924.917733	111.629149	-1.614693	4.636596	36.792008
1055	1927.003826	111.624596	-2.398491	4.602651	35.416774
1057	1929.089799	111.479072	-0.617517	4.612546	35.492174
1059	1931.175793	110.757345	-11.243164	4.615738	35.080856
1061	1933.261911	109.289453	-11.905734	4.597341	35.144279
1063	1935.347715	109.481911	-10.050777	4.603190	35.840987
1065	1937.434148	103.170191	-6.244964	4.620587	34.994866
1067	1939.520046	110.145658	-9.712816	4.600049	35.507659
1069	1941.605796	111.065272	-10.395106	4.591281	35.002542
1071	1943.692109	109.529984	-10.624623	4.600599	34.615684
1073	1945.777975	109.972592	-11.706083	4.602632	34.478399
1075	1947.863814	110.838061	-0.979887	4.595143	34.196942
1077	1949.949886	108.968560	-3.496832	4.591973	34.664278
1079	1952.035894	110.370557	-1.160149	4.601039	34.604979
1081	1954.121538	107.231209	-1.464552	4.569650	35.029244
1083	1956.207539	108.226598	-3.225728	4.594183	34.631080
1085	1958.293539	110.186415	-1.864947	4.583613	34.574954
1087	1960.379500	108.927010	-2.030933	4.590812	34.664290
1089	1962.465227	109.046872	-12.108763	4.586581	34.193367
1091	1964.551174	108.776241	-12.143651	4.585009	33.369358
1093	1966.637310	108.985563	-2.606253	4.577158	33.688229
1095	1968.723080	109.954363	-1.307063	4.582126	33.377215
1097	1970.809092	100.569109	-6.695470	4.584910	33.721542
1099	1972.895095	107.201196	-9.734905	4.587436	33.489820
1101	1974.980812	105.944757	-12.582737	4.562761	33.238207
1103	1977.066515	107.433575	-10.300780	4.571573	34.069279
1105	1979.152510	104.722575	-12.588654	4.570540	32.881188
1107	1981.238429	109.117202	-1.640490	4.585343	33.113455
1109	1983.324155	107.350953	-2.190950	4.568076	32.450432
1111	1985.410170	106.643711	-10.298940	4.572862	33.173451
1113	1987.496158	108.057486	-12.252657	4.569761	33.041115
1115	1989.581825	107.691197	-2.117107	4.567497	32.080148
1117	1991.667800	98.698407	-6.704332	4.565785	32.116046
1119	1993.753811	106.527994	-10.876732	4.567745	32.449535
1121	1995.840033	106.566574	-3.736591	4.563618	32.364062
1123	1997.925835	107.942540	-3.272838	4.551392	31.823294
1125	2000.011584	106.552492	-2.490723	4.548476	32.802171
1127	2002.097632	106.242047	-2.365071	4.547596	31.851233
1129	2004.183653	106.768506	-3.965849	4.541996	32.738969
1131	2006.269640	106.502012	-2.665284	4.563423	32.023896
1133	2008.355742	105.067938	-4.421836	4.558544	32.443429
1135	2010.441449	102.430398	-1.462978	4.545437	32.237055
1137	2012.527404	105.087464	-12.347613	4.530178	32.012511
1139	2014.613216	106.028363	-1.756637	4.557022	32.065050
1141	2016.699236	106.197548	-2.705659	4.541020	31.839983
1143	2018.785208	105.225509	-3.599945	4.529597	31.750038
1145	2020.870519	106.218375	-2.737702	4.525334	30.395232
1147	2022.956596	104.419270	-2.139967	4.550547	30.854867
1149	2025.042561	105.500784	-3.109104	4.540210	31.518677
1151	2027.128167	105.258403	-4.082894	4.532542	31.416385
1153	2029.214045	105.410017	-2.892693	4.527750	31.032962
1155	2031.299774	105.006091	-2.519387	4.509817	31.536351
1157	2033.385813	98.511718	-7.186702	4.541111	30.546318
1159	2035.471304	104.043077	-11.434753	4.544627	30.640851
1161	2037.557325	104.713757	-4.543867	4.538524	30.398651
1163	2039.642655	104.434769	-2.090854	4.525629	30.220220
1165	2041.728832	102.775013	-10.263744	4.520323	30.305594
1167	2043.814258	103.159443	-10.863151	4.527332	30.998046
1169	2045.900385	103.344114	-12.950846	4.525461	30.713269
1171	2047.986134	102.139220	-10.335689	4.512551	30.295820
1173	2050.071860	103.351656	-11.688260	4.518739	29.853876
1175	2052.157638	103.058418	-10.994717	4.514939	29.665698
1177	2054.243583	103.647317	-12.226531	4.505147	30.327090
1179	2056.329434	103.777506	-3.707522	4.489473	30.672398
1181	2058.415068	102.743301	-3.585612	4.518377	29.610464
1183	2060.501211	102.055457	-4.741061	4.497423	30.259839
1185	2062.586753	101.700310	-4.896942	4.507365	30.777356
1187	2064.672727	101.558695	-2.256893	4.491142	29.742799
1189	2066.758490	102.135997	-4.669718	4.495470	29.945323
1191	2068.844465	102.160015	-3.369871	4.486453	29.978028
1193	2070.930443	100.078791	-5.415274	4.503114	29.477109
1195	2073.016016	101.099160	-4.535634	4.505424	29.448480
1197	2075.102288	101.193808	-5.184240	4.486779	29.260549
1199	2077.187794	101.692928	-2.647980	4.504852	28.928078
1201	2079.273414	101.485964	-4.233677	4.503579	28.615024
1203	2081.359449	99.968958	-2.150164	4.485976	29.316005
1205	2083.444891	100.585960	-2.185525	4.493409	28.477642
1207	2085.530801	100.933488	-12.903036	4.487656	28.652515
1209	2087.616795	99.582901	-10.367362	4.495366	28.893042
1211	2089.702429	100.190678	-10.000700	4.487009	28.870440
1213	2091.788392	99.395873	-12.197271	4.479515	28.217485
1215	2093.874013	100.366321	-12.886896	4.464448	28.883852
1217	2095.959773	99.673357	-2.927765	4.459945	28.447258
1219	2098.045388	100.939215	-2.761583	4.486553	28.412353
1221	2100.131099	91.931791	-7.860946	4.512003	27.924325
1223	2102.216835	99.527719	-10.579291	4.483928	28.430065
1225	2104.302487	100.143718	-4.508659	4.470718	28.293864
1227	2106.388209	100.773828	-2.846454	4.486214	27.598495
1229	2108.473847	99.311114	-4.608208	4.471984	28.168520
1231	2110.559532	100.106024	-3.559478	4.465183	27.529498
1233	2112.644833	99.507983	-3.646174	4.468746	27.348151
1235	2114.730970	96.748980	-12.569112	4.476588	28.190401
1237	2116.816648	97.608797	-1.930651	4.501992	27.699361
1239	2118.902629	98.788581	-3.408869	4.444802	27.594698
1241	2120.988048	98.144006	-1.703096	4.469746	28.160872
1243	2123.073965	98.776248	-2.682340	4.472120	27.553604
1245	2125.159571	98.044563	-4.484419	4.451393	27.416958
1247	2127.245278	96.749410	-11.820869	4.450634	27.581018
1249	2129.331014	96.042482	-12.921901	4.454829	28.676670
1251	2131.417168	96.118927	-2.494655	4.464376	27.858015
1253	2133.503001	97.203939	-10.088979	4.452988	27.692500
1255	2135.588535	95.562760	-10.406743	4.442234	26.785333
1257	2137.674337	97.636800	-4.171335	4.458101	27.274540
1259	2139.760014	99.781788	-2.156031	4.445391	27.149522
1261	2141.845858	96.828263	-11.317824	4.449039	27.328333
1263	2143.931695	98.648074	-1.676287	4.449963	27.407123
1265	2146.017412	96.164041	-10.755379	4.441739	26.259105
1267	2148.103139	98.248319	-11.734723	4.453683	26.617780
1269	2150.188683	95.718349	-11.065476	4.431595	27.131735
1271	2152.274359	96.486344	-10.702827	4.431979	27.811024
1273	2154.360106	97.149047	-12.945311	4.441667	26.355178
1275	2156.445735	97.995863	-2.741557	4.455066	26.487426
1277	2158.531542	95.692164	-3.518898	4.413754	26.284617
1279	2160.617334	97.726017	-3.527669	4.440421	26.387897
1281	2162.702659	97.751970	-3.209671	4.428726	26.173868
1283	2164.787964	96.396288	-3.049958	4.413362	26.068494
1285	2166.873959	97.058957	-4.124888	4.433420	25.903231
1287	2168.959744	97.416996	-2.859497	4.427440	26.673760
1289	2171.044761	92.968023	-1.991400	4.416849	25.445488
1291	2173.130606	95.726855	-11.578052	4.429750	25.588254
1293	2175.216550	95.865085	-4.392402	4.416761	26.356069
1295	2177.301943	96.754022	-2.998808	4.419357	25.984520
1297	2179.388013	95.083546	-3.000957	4.402780	26.151200
1299	2181.473324	94.511329	-2.899185	4.396505	25.194577
1301	2183.559294	94.784105	-4.865874	4.414681	25.893474
1303	2185.644769	93.833602	-4.786922	4.403606	25.662649
1305	2187.730362	95.601418	-3.191647	4.424514	25.905090
1307	2189.816093	93.550211	-2.736211	4.420020	26.115265
1309	2191.901944	94.271486	-4.967001	4.392928	24.747850
1311	2193.987703	95.269249	-2.184385	4.401431	25.437498
1313	2196.073359	94.875069	-3.320634	4.402050	25.488127
1315	2198.158550	95.521742	-3.377948	4.389935	24.565171
1317	2200.244421	93.048766	-4.421618	4.403545	24.928619
1319	2202.330046	94.582723	-4.284803	4.381943	24.736319
1321	2204.416024	93.205112	-4.028636	4.383714	25.420531
1323	2206.501574	94.949595	-4.664341	4.388238	24.547387
1325	2208.586957	93.761635	-3.663144	4.372590	25.070170
1327	2210.672713	86.840861	-7.532379	4.390004	25.296690
1329	2212.758521	92.399286	-12.526326	4.393419	25.109701
1331	2214.844447	91.186233	-11.604949	4.389224	25.138584
1333	2216.929737	95.070300	-2.163956	4.398923	24.513295
1335	2219.015157	91.857268	-10.374031	4.387697	24.757383
1337	2221.100938	92.359630	-10.344748	4.377588	24.154355
1339	2223.186561	91.885536	-10.339982	4.385695	23.688424
1341	2225.272306	95.544880	-3.221980	4.389980	24.156198
1343	2227.358150	91.683969	-4.611493	4.374441	24.792628
1345	2229.443342	94.158585	-2.283491	4.383847	23.717611
1347	2231.529246	92.786074	-4.727758	4.368306	24.111602
1349	2233.614425	91.078228	-5.245166	4.366809	24.115085
1351	2235.700092	92.624443	-2.966236	4.370764	24.048849
1353	2237.785730	90.438751	-10.056062	4.363906	24.069166
1355	2239.871270	90.781403	-12.288699	4.364507	23.798853
1357	2241.956555	93.184441	-3.240057	4.376280	23.712374
1359	2244.042124	93.505138	-3.897247	4.372471	23.584134
1361	2246.127911	90.631252	-5.061082	4.367562	23.547585
1363	2248.213336	91.103995	-4.222715	4.359524	24.107940
1365	2250.299078	92.308352	-3.205245	4.339901	23.920425
1367	2252.384480	90.228387	-4.586355	4.358233	23.785950
1369	2254.470241	88.749295	-5.135222	4.354097	23.643580
1371	2256.555541	90.854092	-5.060619	4.357533	23.716988
1373	2258.641579	91.581848	-3.488944	4.337708	23.790526
1375	2260.726703	89.938289	-4.537413	4.348016	23.691238
1377	2262.812494	89.681817	-4.036206	4.339326	23.419860
1379	2264.897887	90.585563	-4.793693	4.342873	22.918683
1381	2266.983400	92.015600	-2.793533	4.360576	22.930830
1383	2269.069186	91.803514	-2.644287	4.343118	22.798516
1385	2271.155052	89.967886	-4.957582	4.343810	23.241369
1387	2273.240791	89.732905	-5.102567	4.330247	22.516798
1389	2275.325507	89.365920	-4.245470	4.336308	22.853901
1391	2277.411814	88.358508	-4.675643	4.338714	23.095857
1393	2279.497075	88.191503	-5.852599	4.338432	23.454734
1395	2281.582519	89.577614	-3.833346	4.332276	22.850526
1397	2283.668483	87.840376	-4.047360	4.320415	22.809870
1399	2285.754206	89.391289	-4.299439	4.323837	22.876320
1401	2287.839720	89.241906	-3.777599	4.318642	21.931849
1403	2289.925357	89.419040	-3.588721	4.335969	22.784032
1405	2292.010475	82.150840	-7.081120	4.331857	21.894424
1407	2294.096042	89.257733	-5.431495	4.325311	22.778412
1409	2296.181772	87.549858	-5.536745	4.321883	22.536467
1411	2298.267636	89.692869	-3.451179	4.309774	22.141576
1413	2300.352428	88.579051	-5.598665	4.316804	22.000275
1415	2302.438117	87.743865	-4.736646	4.313789	21.489985
1417	2304.523252	88.563060	-3.802629	4.316907	22.563709
1419	2306.608931	88.723153	-4.471344	4.306247	21.674773
1421	2308.694446	87.232517	-5.280872	4.310543	22.127311
1423	2310.780194	88.871564	-3.994571	4.312957	22.313309
1425	2312.865338	86.728728	-4.269319	4.306523	21.737679
1427	2314.950806	87.962062	-3.990874	4.306734	21.890054
1429	2317.036888	85.764884	-10.815356	4.316152	21.615388
1431	2319.122187	87.511493	-10.667093	4.303288	21.866394
1433	2321.207129	87.632937	-12.897901	4.301663	21.983391
1435	2323.293127	88.508623	-3.951441	4.302963	21.656981
1437	2325.378444	86.206111	-4.329550	4.303310	21.729376
1439	2327.464026	86.603211	-5.568802	4.301098	21.751987
1441	2329.549732	86.460194	-5.227743	4.291504	21.792748
1443	2331.634916	85.901013	-5.062568	4.297587	21.755055
1445	2333.720422	84.817779	-5.084205	4.301899	21.386056
1447	2335.806131	87.151377	-5.596300	4.288862	22.959016
1449	2337.891748	87.228641	-4.011193	4.286665	21.333119
1451	2339.977602	87.757469	-4.232048	4.283493	21.576232
1453	2342.062627	86.637871	-3.979822	4.288882	21.492134
1455	2344.148507	86.654766	-3.086364	4.297518	21.006814
1457	2346.233903	87.294240	-2.977102	4.284664	21.289875
1459	2348.319288	86.300006	-3.357591	4.271922	21.564491
1461	2350.404895	84.665219	-5.277261	4.283120	21.142499
1463	2352.490176	86.124586	-1.928318	4.292942	20.627620
1465	2354.575545	85.748919	-4.494887	4.278909	21.342295
1467	2356.661205	85.637192	-4.850520	4.281043	20.023322
1469	2358.746875	84.186670	-4.874982	4.279471	20.887971
1471	2360.832226	86.185935	-4.121972	4.275565	20.934989
1473	2362.917643	85.198008	-4.164204	4.267536	21.160290
1475	2365.003285	85.253102	-4.121115	4.291209	21.041973
1477	2367.088161	86.493980	-2.588124	4.290633	20.787180
1479	2369.173768	84.344967	-5.108589	4.270764	20.659928
1481	2371.259680	85.669198	-2.231127	4.265122	20.114563
1483	2373.344900	84.600068	-5.242130	4.267784	20.162738
1485	2375.430419	84.834847	-4.241221	4.264759	20.042520
1487	2377.515847	84.032841	-3.282437	4.256193	20.391563
1489	2379.601032	83.945148	-4.410736	4.259884	20.046173
1491	2381.686685	86.306959	-2.791774	4.269337	20.186089
1493	2383.772379	82.748365	-9.869885	4.256058	20.123752
1495	2385.857597	83.520502	-9.837813	4.255959	20.185781
1497	2387.943267	82.413927	-9.841489	4.250583	19.975442
1499	2390.028572	84.331883	-5.199416	4.253518	19.548172
1501	2392.113741	83.130538	-5.078834	4.255727	19.849739
1503	2394.199356	83.602577	-3.825285	4.244157	19.784081
1505	2396.284991	81.540819	-3.494727	4.243744	20.391898
1507	2398.369760	83.085996	-4.687959	4.242092	19.855644
1509	2400.455333	84.640344	-3.181764	4.251720	19.516347
1511	2402.541211	82.929683	-4.673492	4.244161	19.528434
1513	2404.626664	83.929364	-3.480291	4.257704	19.949162
1515	2406.712058	84.154675	-4.084426	4.254486	20.125475
1517	2408.797714	83.713063	-3.651297	4.233322	19.859074
1519	2410.883174	82.882578	-4.582095	4.239602	19.734000
1521	2412.969000	82.868871	-3.986222	4.241167	19.957007
1523	2415.054646	82.075170	-4.574475	4.231885	19.138250
1525	2417.139685	81.317976	-4.464831	4.227530	19.660556
1527	2419.225161	83.138903	-2.944023	4.245563	19.352947
1529	2421.310440	81.963231	-4.709828	4.248030	18.891979
1531	2423.396149	80.951642	-5.594017	4.233588	18.984801
1533	2425.481372	83.270193	-4.041234	4.242850	19.185322
1535	2427.566953	82.283646	-3.740026	4.221385	18.608118
1537	2429.651800	80.774917	-9.652633	4.225524	19.126129
1539	2431.737660	80.643461	-9.436528	4.222232	19.032430
1541	2433.822598	81.436451	-9.575433	4.226362	18.716982
1543	2435.908286	81.012109	-12.302019	4.223563	19.183762
1545	2437.993402	80.566634	-4.601387	4.218037	19.381658
1547	2440.079005	81.012419	-4.153556	4.217220	18.852109
1549	2442.164414	80.539847	-4.629917	4.216169	18.637732
1551	2444.250060	80.615735	-4.454112	4.211975	19.213297
1553	2446.335145	80.132654	-5.095628	4.212059	18.563111
1555	2448.420564	81.272515	-4.343418	4.211530	18.572594
1557	2450.506242	79.656562	-4.807710	4.213414	18.886521
1559	2452.591147	79.075998	-5.353740	4.208922	18.736591
1561	2454.676751	82.426113	-3.249023	4.211279	18.436321
1563	2456.762311	80.737495	-3.866218	4.203446	18.737508
1565	2458.847344	80.585252	-4.732822	4.202894	18.821351
1567	2460.933592	82.087931	-2.048753	4.221506	18.489264
1569	2463.018892	78.482049	-9.449902	4.199763	18.018569
1571	2465.104104	79.642965	-10.055739	4.191128	18.263903
1573	2467.189402	78.519631	-11.199520	4.208726	18.486602
1575	2469.274880	79.764413	-5.183974	4.200309	18.916462
1577	2471.360196	79.675932	-4.712500	4.197527	17.841006
1579	2473.446128	81.338210	-3.573134	4.209842	18.312064
1581	2475.530875	81.905096	-2.157926	4.207175	18.156024
1583	2477.616492	79.521742	-4.595947	4.201249	18.115429
1585	2479.701763	80.983083	-2.688408	4.188643	18.254487
1587	2481.786850	78.383807	-4.713009	4.194612	18.559068
1589	2483.873091	77.610641	-5.613897	4.192034	18.022882
1591	2485.957872	78.027559	-5.213020	4.185968	18.466173
1593	2488.043287	79.616680	-4.457889	4.186285	17.790681
1595	2490.128750	77.634922	-4.065141	4.180902	17.453079
1597	2492.214142	79.395665	-4.404345	4.184765	18.011571
1599	2494.299030	79.407391	-4.018160	4.187066	17.765724
1601	2496.384803	78.050015	-4.390531	4.191957	17.596642
1603	2498.470330	78.941231	-4.989715	4.181805	17.971288
1605	2500.555477	79.327230	-4.263665	4.176756	17.873372
1607	2502.641249	77.510944	-4.958280	4.180296	17.921962
1609	2504.726391	78.269252	-4.325276	4.176571	17.761952
1611	2506.811461	76.785620	-4.680001	4.183383	17.444035
1613	2508.896523	76.877561	-5.416792	4.184330	17.585987
1615	2510.982337	77.987962	-5.069274	4.171424	17.343271
1617	2513.068157	79.806145	-2.516007	4.183160	17.426605
1619	2515.152983	78.995788	-4.050872	4.172944	17.436596
1621	2517.238347	75.693906	-10.534809	4.186096	17.064876
1623	2519.323097	76.876479	-4.712984	4.165685	16.867709
1625	2521.409155	76.565349	-4.916318	4.169828	16.871057
1627	2523.494696	76.933173	-3.939941	4.165230	16.882712
1629	2525.579249	78.377898	-4.236422	4.158557	16.656895
1631	2527.665003	74.925456	-4.795998	4.165103	17.319341
1633	2529.750639	76.743138	-4.565686	4.167311	17.104122
1635	2531.835794	75.598822	-4.667737	4.156191	17.022523
1637	2533.920866	76.781204	-4.921623	4.152452	17.352358
1639	2536.006705	75.682544	-4.573119	4.158198	17.288952
1641	2538.092013	77.558302	-4.490949	4.155866	17.261031
1643	2540.177537	76.224762	-4.733127	4.152885	16.859035
1645	2542.262994	75.147839	-4.279959	4.149333	17.175393
1647	2544.348496	77.776948	-3.141682	4.155642	16.786169
1649	2546.433255	75.351892	-3.930241	4.143309	16.994876
1651	2548.518955	76.249192	-3.545676	4.146334	17.003527
1653	2550.604687	76.876830	-4.329611	4.159945	16.890911
1655	2552.689471	74.966003	-4.360239	4.139885	16.404533
1657	2554.774612	74.945348	-4.628448	4.146233	16.355926
1659	2556.859979	76.165933	-4.550612	4.143101	16.118712
1661	2558.945269	75.024398	-4.334917	4.136436	16.597060
1663	2561.030831	76.396243	-4.651747	4.138916	16.731419
1665	2563.115966	75.641187	-4.616967	4.138509	16.511879
1667	2565.201602	74.400239	-8.732023	4.138775	16.495303
1669	2567.286299	73.678491	-8.724673	4.140190	16.480763
1671	2569.371849	74.723060	-5.441187	4.139318	16.545844
1673	2571.457228	73.754124	-5.373522	4.142604	16.317505
1675	2573.542337	73.868144	-4.790828	4.138401	16.555452
1677	2575.627481	74.861071	-5.201739	4.135757	16.103056
1679	2577.712941	74.670245	-4.917414	4.138297	16.472191
1681	2579.798580	73.980560	-4.535754	4.128735	16.153083
1683	2581.883794	74.192971	-5.108669	4.135172	16.164619
1685	2583.969259	74.636646	-4.179113	4.131219	16.142003
1687	2586.054800	75.300148	-4.711335	4.122869	16.019979
1689	2588.139658	74.944524	-3.275214	4.131293	15.758969
1691	2590.225169	75.287665	-4.549228	4.122565	16.029271
1693	2592.310772	72.937566	-4.947784	4.128764	15.768396
1695	2594.395746	74.655097	-3.326453	4.131611	15.766416
1697	2596.481025	74.251860	-10.114228	4.137652	15.766758
1699	2598.566169	73.298217	-9.040524	4.118929	15.697301
1701	2600.651639	72.801127	-8.892630	4.114938	15.752578
1703	2602.736740	72.799034	-8.538997	4.117709	15.977311
1705	2604.822103	72.828772	-8.820185	4.115290	15.471149
1707	2606.907409	72.934139	-8.873294	4.111469	15.093183
1709	2608.992746	72.428795	-8.436855	4.116170	15.675671
1711	2611.077883	72.376484	-8.755105	4.111169	15.636907
1713	2613.163552	73.253973	-9.262449	4.109668	15.585410
1715	2615.248183	72.038949	-8.709556	4.108718	15.514525
1717	2617.334499	72.379831	-8.951180	4.106072	15.957056
1719	2619.419052	72.642230	-9.291035	4.106442	15.350468
1721	2621.505004	72.614840	-8.779994	4.105696	15.287859
1723	2623.589737	72.761152	-9.059087	4.103811	15.366383
1725	2625.675253	72.526398	-9.608909	4.111741	15.343868
1727	2627.760777	72.382922	-8.726762	4.101607	15.495886
1729	2629.845865	72.279286	-8.787861	4.106835	15.428769
1731	2631.931115	72.520449	-4.086900	4.116007	15.199419
1733	2634.016135	72.792620	-4.560961	4.117080	15.050575
1735	2636.101579	72.737436	-9.742986	4.101895	15.005865
1737	2638.187104	71.931333	-9.095834	4.095413	15.030253
1739	2640.271323	71.396506	-8.683173	4.098765	14.966452
1741	2642.357258	71.638427	-8.770454	4.095081	14.938400
1743	2644.442957	71.204866	-8.899537	4.101042	15.292336
1745	2646.527609	71.091370	-4.736072	4.093334	14.771931
1747	2648.612950	74.378415	-1.420325	4.090411	14.616627
1749	2650.698246	72.385859	-4.328749	4.085741	15.006431
1751	2652.783590	70.993117	-5.083649	4.089571	14.303084
1753	2654.868578	71.275878	-4.478760	4.089734	14.849569
1755	2656.954166	70.118655	-5.304472	4.093642	14.765284
1757	2659.039401	71.825334	-4.881739	4.081893	15.112757
1759	2661.124966	70.320306	-5.145609	4.086273	14.835626
1761	2663.210029	71.408342	-3.549939	4.063799	14.724151
1763	2665.295349	71.542921	-3.790786	4.086838	14.577265
1765	2667.380854	70.925278	-9.911406	4.094576	14.749445
1767	2669.465315	69.277499	-8.303956	4.087724	14.555720
1769	2671.551224	70.155854	-8.616085	4.077874	14.794548
1771	2673.636305	70.336442	-8.202915	4.077251	14.573047
1773	2675.721536	70.208561	-8.852082	4.076733	14.442201
1775	2677.806632	71.129894	-8.795548	4.074811	14.373318
1777	2679.891473	70.693710	-8.617844	4.073942	14.296516
1779	2681.977026	69.631410	-8.377451	4.071594	14.245047
1781	2684.062185	70.323928	-8.341604	4.073804	14.524285
1783	2686.148453	69.436962	-8.795200	4.071009	14.563988
1785	2688.233189	70.533726	-8.807657	4.072807	14.597413
1787	2690.318589	70.169206	-8.726145	4.067301	14.237691
1789	2692.403275	70.357571	-8.386986	4.065602	14.489709
1791	2694.489053	69.922043	-8.543536	4.067417	14.280107
1793	2696.574447	69.241355	-8.090250	4.064291	14.220509
1795	2698.659239	68.570796	-8.035677	4.063969	14.234304
1797	2700.744526	69.474595	-9.018673	4.077798	14.072846
1799	2702.829843	69.879135	-4.682494	4.066451	14.164607
1801	2704.915338	68.304855	-4.670663	4.067222	13.996685
1803	2706.999748	69.593611	-4.343596	4.054309	14.036936
1805	2709.085360	68.408883	-4.207152	4.057955	13.935330
1807	2711.170609	69.645374	-4.570690	4.065896	13.620464
1809	2713.255405	69.024443	-4.534850	4.063888	14.055633
1811	2715.341055	68.546695	-4.345160	4.054878	13.803922
1813	2717.426311	69.480601	-4.321076	4.055418	13.766899
1815	2719.510907	68.135765	-4.701063	4.048656	13.986264
1817	2721.596075	68.163999	-4.589137	4.061418	13.724214
1819	2723.682498	69.276225	-4.369664	4.049146	13.819533
1821	2725.767394	69.568813	-4.271705	4.050813	13.848769
1823	2727.852225	68.273613	-8.759823	4.050441	13.873740
1825	2729.937772	68.037332	-7.965374	4.051903	13.724076
1827	2732.022382	69.004507	-8.901879	4.051793	13.790962
1829	2734.107919	67.873336	-8.423211	4.044758	13.593187
1831	2736.193244	67.293524	-7.758128	4.043069	13.184188
1833	2738.278789	68.028732	-8.133608	4.043489	13.422502
1835	2740.363690	67.865835	-8.177479	4.042984	13.399852
1837	2742.448876	66.640362	-8.124946	4.047241	13.917429
1839	2744.533652	68.068930	-3.203620	4.033344	13.568350
1841	2746.619878	67.690524	-4.626864	4.044390	13.332394
1843	2748.704749	67.970120	-3.338327	4.051543	13.248355
1845	2750.789833	68.921385	-8.113780	4.036165	13.213096
1847	2752.874784	66.914071	-8.489501	4.044065	13.234097
1849	2754.960476	67.745529	-4.327803	4.038628	13.478325
1851	2757.045488	66.687080	-4.610541	4.040724	13.311057
1853	2759.130310	68.569608	-4.230356	4.042008	13.397468
1855	2761.215474	66.996612	-4.216365	4.034826	13.113422
1857	2763.300321	67.022710	-4.437839	4.036730	13.396894
1859	2765.386286	67.183438	-4.248638	4.029728	13.534509
1861	2767.471449	67.504356	-4.316168	4.030945	13.477277
1863	2769.556713	66.984063	-3.944605	4.029036	13.317448
1865	2771.642223	66.989858	-4.022013	4.031507	12.901060
1867	2773.727088	65.097670	-4.487205	4.031421	12.789567
1869	2775.812039	66.392982	-4.725400	4.033227	13.025764
1871	2777.897155	67.352291	-8.101747	4.024628	12.959930
1873	2779.982945	67.758541	-8.148370	4.029207	13.175892
1875	2782.067598	66.133796	-7.803886	4.029068	12.514966
1877	2784.153140	66.943834	-8.102076	4.024398	12.597353
1879	2786.237314	66.319111	-4.306858	4.025912	12.791622
1881	2788.322649	65.473289	-4.466092	4.026836	12.750492
1883	2790.408291	66.695666	-4.359125	4.018436	12.670952
1885	2792.493420	65.792198	-3.890921	4.014862	12.842228
1887	2794.578604	64.354811	-4.580176	4.017565	12.834896
1889	2796.663941	65.707712	-4.380831	4.022527	12.755839
1891	2798.749231	65.743624	-4.421949	4.019586	12.788878
1893	2800.834452	66.100142	-4.166434	4.009723	12.776176
1895	2802.918902	63.576927	-4.725514	4.021706	12.700998
1897	2805.004466	64.917218	-3.985439	4.002328	12.742722
1899	2807.090046	64.741386	-7.541737	4.012718	12.389210
1901	2809.175335	65.590360	-4.191028	4.004789	12.737552
1903	2811.260129	65.517458	-7.997075	4.016356	12.576754
1905	2813.345808	64.219408	-7.761128	4.013242	12.609425
1907	2815.430885	64.484874	-4.545051	4.008316	12.731441
1909	2817.516247	64.429679	-4.371737	4.007808	11.950050
1911	2819.600774	65.085151	-3.850041	4.011819	12.372705
1913	2821.686050	64.841594	-3.915176	4.009732	11.966549
1915	2823.771729	64.726825	-4.248115	4.007547	12.248819
1917	2825.856642	64.641481	-4.263705	4.011183	12.037613
1919	2827.941384	64.733375	-4.072231	3.998250	11.970021
1921	2830.025656	63.949281	-3.819165	3.995507	12.362202
1923	2832.111141	64.353936	-4.100183	4.018998	12.123225
1925	2834.197297	63.804612	-4.188216	4.001675	12.107513
1927	2836.281858	63.901249	-4.362129	4.000838	12.115997
1929	2838.367405	63.925856	-4.065949	3.997277	11.654668
1931	2840.452358	63.035262	-4.254179	3.997448	12.318170
1933	2842.537795	63.440025	-4.046062	3.994869	12.230172
1935	2844.623153	63.995660	-4.038834	3.999557	12.335878
1937	2846.708314	63.464868	-3.916499	3.994605	11.994366
1939	2848.793299	63.641037	-4.059274	3.990715	12.159931
1941	2850.878859	62.569304	-4.446514	3.991242	11.997821
1943	2852.963786	63.724967	-6.975695	3.992351	11.903357
1945	2855.049852	62.387579	-4.132756	3.992171	11.664493
1947	2857.135272	62.704151	-3.367844	3.982254	11.908459
1949	2859.219758	62.357760	-3.332679	3.977352	11.789958
1951	2861.305215	60.662239	-4.498764	3.974549	11.534407
1953	2863.391619	62.994484	-3.055719	3.959908	11.724003
1955	2865.476991	62.736742	-5.975611	3.965157	11.686959
1957	2867.562646	61.788575	-2.719913	3.961558	11.568033
1959	2869.647874	63.143945	-2.313152	3.957873	11.794801
1961	2871.734717	62.692299	-2.242213	3.959360	11.730832
1963	2873.819843	62.082893	-1.295721	3.930291	11.699524
1965	2875.906028	60.854654	-2.157554	3.946693	11.685607
1967	2877.991453	60.981060	-1.769372	3.936855	11.351035
1969	2880.077495	62.288698	-4.015075	3.923401	11.520266
1971	2882.161942	62.045470	-4.067629	3.923224	11.571937
